protein_position	n	sample
1	1	ERR696683_chr5
6	1	ERR696683_chr5
7	10	ERR696683_chr5
8	1	ERR696683_chr5
9	2	ERR696683_chr5
11	4	ERR696683_chr5
13	1	ERR696683_chr5
16	1	ERR696683_chr5
17	2	ERR696683_chr5
20	3	ERR696683_chr5
22	25	ERR696683_chr5
23	25	ERR696683_chr5
24	4	ERR696683_chr5
25	1	ERR696683_chr5
28	5	ERR696683_chr5
30	1	ERR696683_chr5
31	1	ERR696683_chr5
33	8	ERR696683_chr5
35	1	ERR696683_chr5
36	5	ERR696683_chr5
37	1	ERR696683_chr5
38	1	ERR696683_chr5
39	2	ERR696683_chr5
40	4	ERR696683_chr5
45	3	ERR696683_chr5
47	3	ERR696683_chr5
49	1	ERR696683_chr5
51	7	ERR696683_chr5
53	2	ERR696683_chr5
55	1	ERR696683_chr5
56	4	ERR696683_chr5
57	4	ERR696683_chr5
58	3	ERR696683_chr5
61	2	ERR696683_chr5
62	10	ERR696683_chr5
64	6	ERR696683_chr5
65	2	ERR696683_chr5
66	6	ERR696683_chr5
67	2	ERR696683_chr5
68	6	ERR696683_chr5
69	6	ERR696683_chr5
70	4	ERR696683_chr5
76	6	ERR696683_chr5
77	4	ERR696683_chr5
80	4	ERR696683_chr5
81	6	ERR696683_chr5
83	1	ERR696683_chr5
85	9	ERR696683_chr5
87	3	ERR696683_chr5
88	3	ERR696683_chr5
89	2	ERR696683_chr5
90	2	ERR696683_chr5
91	1	ERR696683_chr5
92	3	ERR696683_chr5
94	5	ERR696683_chr5
96	2	ERR696683_chr5
97	4	ERR696683_chr5
98	2	ERR696683_chr5
99	6	ERR696683_chr5
100	6	ERR696683_chr5
102	4	ERR696683_chr5
103	4	ERR696683_chr5
104	1	ERR696683_chr5
105	1	ERR696683_chr5
106	13	ERR696683_chr5
107	2	ERR696683_chr5
110	4	ERR696683_chr5
111	5	ERR696683_chr5
112	2	ERR696683_chr5
113	2	ERR696683_chr5
114	5	ERR696683_chr5
115	1	ERR696683_chr5
116	2	ERR696683_chr5
119	5	ERR696683_chr5
120	1	ERR696683_chr5
121	6	ERR696683_chr5
122	2	ERR696683_chr5
123	1	ERR696683_chr5
124	1	ERR696683_chr5
126	3	ERR696683_chr5
127	5	ERR696683_chr5
129	1	ERR696683_chr5
131	7	ERR696683_chr5
135	8	ERR696683_chr5
136	6	ERR696683_chr5
138	1	ERR696683_chr5
139	1	ERR696683_chr5
140	2	ERR696683_chr5
144	2	ERR696683_chr5
147	3	ERR696683_chr5
148	1	ERR696683_chr5
149	4	ERR696683_chr5
150	5	ERR696683_chr5
151	3	ERR696683_chr5
152	2	ERR696683_chr5
154	3	ERR696683_chr5
155	6	ERR696683_chr5
156	1	ERR696683_chr5
158	1	ERR696683_chr5
160	3	ERR696683_chr5
161	1	ERR696683_chr5
162	1	ERR696683_chr5
163	2	ERR696683_chr5
164	4	ERR696683_chr5
165	7	ERR696683_chr5
166	3	ERR696683_chr5
168	1	ERR696683_chr5
169	3	ERR696683_chr5
170	1	ERR696683_chr5
171	1	ERR696683_chr5
173	3	ERR696683_chr5
174	1	ERR696683_chr5
176	2	ERR696683_chr5
178	1	ERR696683_chr5
179	6	ERR696683_chr5
181	1	ERR696683_chr5
182	9	ERR696683_chr5
183	4	ERR696683_chr5
184	6	ERR696683_chr5
186	5	ERR696683_chr5
189	2	ERR696683_chr5
190	2	ERR696683_chr5
191	1	ERR696683_chr5
192	4	ERR696683_chr5
193	1	ERR696683_chr5
194	1	ERR696683_chr5
197	2	ERR696683_chr5
199	1	ERR696683_chr5
200	2	ERR696683_chr5
201	2	ERR696683_chr5
202	1	ERR696683_chr5
203	6	ERR696683_chr5
206	1	ERR696683_chr5
207	6	ERR696683_chr5
209	3	ERR696683_chr5
212	5	ERR696683_chr5
213	1	ERR696683_chr5
214	1	ERR696683_chr5
217	2	ERR696683_chr5
220	4	ERR696683_chr5
221	4	ERR696683_chr5
222	1	ERR696683_chr5
223	3	ERR696683_chr5
224	1	ERR696683_chr5
225	5	ERR696683_chr5
226	2	ERR696683_chr5
228	2	ERR696683_chr5
229	3	ERR696683_chr5
230	1	ERR696683_chr5
231	3	ERR696683_chr5
232	5	ERR696683_chr5
233	2	ERR696683_chr5
234	1	ERR696683_chr5
235	1	ERR696683_chr5
236	1	ERR696683_chr5
237	2	ERR696683_chr5
238	3	ERR696683_chr5
239	4	ERR696683_chr5
240	2	ERR696683_chr5
244	1	ERR696683_chr5
245	3	ERR696683_chr5
246	3	ERR696683_chr5
247	2	ERR696683_chr5
249	1	ERR696683_chr5
253	5	ERR696683_chr5
255	2	ERR696683_chr5
256	1	ERR696683_chr5
258	2	ERR696683_chr5
259	2	ERR696683_chr5
262	8	ERR696683_chr5
263	1	ERR696683_chr5
264	1	ERR696683_chr5
268	1	ERR696683_chr5
269	1	ERR696683_chr5
270	1	ERR696683_chr5
271	2	ERR696683_chr5
272	9	ERR696683_chr5
274	21	ERR696683_chr5
275	4	ERR696683_chr5
277	3	ERR696683_chr5
282	3	ERR696683_chr5
283	1	ERR696683_chr5
286	4	ERR696683_chr5
287	1	ERR696683_chr5
290	1	ERR696683_chr5
294	2	ERR696683_chr5
297	6	ERR696683_chr5
298	1	ERR696683_chr5
299	3	ERR696683_chr5
300	2	ERR696683_chr5
301	2	ERR696683_chr5
304	1	ERR696683_chr5
305	2	ERR696683_chr5
306	1	ERR696683_chr5
307	1	ERR696683_chr5
310	1	ERR696683_chr5
311	3	ERR696683_chr5
313	1	ERR696683_chr5
315	5	ERR696683_chr5
317	1	ERR696683_chr5
318	2	ERR696683_chr5
321	2	ERR696683_chr5
323	1	ERR696683_chr5
324	1	ERR696683_chr5
325	3	ERR696683_chr5
327	2	ERR696683_chr5
329	2	ERR696683_chr5
331	2	ERR696683_chr5
335	2	ERR696683_chr5
336	2	ERR696683_chr5
337	5	ERR696683_chr5
339	3	ERR696683_chr5
340	2	ERR696683_chr5
341	1	ERR696683_chr5
343	3	ERR696683_chr5
344	5	ERR696683_chr5
346	3	ERR696683_chr5
348	3	ERR696683_chr5
349	3	ERR696683_chr5
351	1	ERR696683_chr5
353	4	ERR696683_chr5
356	2	ERR696683_chr5
358	3	ERR696683_chr5
359	2	ERR696683_chr5
360	2	ERR696683_chr5
362	1	ERR696683_chr5
364	2	ERR696683_chr5
366	1	ERR696683_chr5
367	2	ERR696683_chr5
368	1	ERR696683_chr5
369	2	ERR696683_chr5
370	7	ERR696683_chr5
371	2	ERR696683_chr5
372	1	ERR696683_chr5
373	2	ERR696683_chr5
374	3	ERR696683_chr5
380	2	ERR696683_chr5
381	1	ERR696683_chr5
382	1	ERR696683_chr5
384	2	ERR696683_chr5
385	1	ERR696683_chr5
386	1	ERR696683_chr5
389	6	ERR696683_chr5
390	1	ERR696683_chr5
391	1	ERR696683_chr5
393	1	ERR696683_chr5
394	3	ERR696683_chr5
395	2	ERR696683_chr5
397	5	ERR696683_chr5
400	4	ERR696683_chr5
401	2	ERR696683_chr5
403	1	ERR696683_chr5
404	3	ERR696683_chr5
405	4	ERR696683_chr5
406	3	ERR696683_chr5
408	4	ERR696683_chr5
410	3	ERR696683_chr5
414	2	ERR696683_chr5
416	1	ERR696683_chr5
418	1	ERR696683_chr5
419	1	ERR696683_chr5
420	4	ERR696683_chr5
421	2	ERR696683_chr5
426	3	ERR696683_chr5
428	1	ERR696683_chr5
431	2	ERR696683_chr5
433	2	ERR696683_chr5
435	1	ERR696683_chr5
438	4	ERR696683_chr5
439	2	ERR696683_chr5
440	2	ERR696683_chr5
441	3	ERR696683_chr5
448	2	ERR696683_chr5
449	1	ERR696683_chr5
450	1	ERR696683_chr5
453	3	ERR696683_chr5
454	5	ERR696683_chr5
456	2	ERR696683_chr5
458	1	ERR696683_chr5
461	2	ERR696683_chr5
464	2	ERR696683_chr5
465	1	ERR696683_chr5
468	3	ERR696683_chr5
469	1	ERR696683_chr5
474	1	ERR696683_chr5
475	3	ERR696683_chr5
477	1	ERR696683_chr5
480	1	ERR696683_chr5
482	3	ERR696683_chr5
483	1	ERR696683_chr5
485	1	ERR696683_chr5
491	7	ERR696683_chr5
492	1	ERR696683_chr5
496	3	ERR696683_chr5
497	1	ERR696683_chr5
498	1	ERR696683_chr5
499	5	ERR696683_chr5
500	2	ERR696683_chr5
502	2	ERR696683_chr5
503	2	ERR696683_chr5
504	1	ERR696683_chr5
505	1	ERR696683_chr5
507	2	ERR696683_chr5
508	1	ERR696683_chr5
509	2	ERR696683_chr5
512	1	ERR696683_chr5
514	3	ERR696683_chr5
515	2	ERR696683_chr5
519	4	ERR696683_chr5
520	1	ERR696683_chr5
521	1	ERR696683_chr5
522	2	ERR696683_chr5
523	2	ERR696683_chr5
524	1	ERR696683_chr5
525	1	ERR696683_chr5
526	1	ERR696683_chr5
527	1	ERR696683_chr5
528	2	ERR696683_chr5
529	7	ERR696683_chr5
530	2	ERR696683_chr5
532	1	ERR696683_chr5
533	1	ERR696683_chr5
534	1	ERR696683_chr5
535	1	ERR696683_chr5
536	1	ERR696683_chr5
537	1	ERR696683_chr5
541	1	ERR696683_chr5
543	1	ERR696683_chr5
544	5	ERR696683_chr5
545	3	ERR696683_chr5
546	1	ERR696683_chr5
547	1	ERR696683_chr5
550	1	ERR696683_chr5
552	1	ERR696683_chr5
553	4	ERR696683_chr5
554	3	ERR696683_chr5
555	1	ERR696683_chr5
556	2	ERR696683_chr5
560	1	ERR696683_chr5
563	1	ERR696683_chr5
564	1	ERR696683_chr5
567	2	ERR696683_chr5
568	1	ERR696683_chr5
569	2	ERR696683_chr5
570	1	ERR696683_chr5
571	2	ERR696683_chr5
574	1	ERR696683_chr5
575	1	ERR696683_chr5
576	4	ERR696683_chr5
579	1	ERR696683_chr5
580	1	ERR696683_chr5
582	2	ERR696683_chr5
583	5	ERR696683_chr5
585	5	ERR696683_chr5
586	1	ERR696683_chr5
588	2	ERR696683_chr5
591	1	ERR696683_chr5
592	6	ERR696683_chr5
594	1	ERR696683_chr5
596	1	ERR696683_chr5
597	1	ERR696683_chr5
598	4	ERR696683_chr5
600	2	ERR696683_chr5
602	1	ERR696683_chr5
603	1	ERR696683_chr5
608	2	ERR696683_chr5
609	1	ERR696683_chr5
611	2	ERR696683_chr5
614	1	ERR696683_chr5
620	1	ERR696683_chr5
621	1	ERR696683_chr5
625	1	ERR696683_chr5
627	2	ERR696683_chr5
628	1	ERR696683_chr5
629	1	ERR696683_chr5
635	3	ERR696683_chr5
636	1	ERR696683_chr5
637	1	ERR696683_chr5
640	1	ERR696683_chr5
644	4	ERR696683_chr5
645	2	ERR696683_chr5
648	1	ERR696683_chr5
652	1	ERR696683_chr5
657	1	ERR696683_chr5
659	1	ERR696683_chr5
664	1	ERR696683_chr5
665	1	ERR696683_chr5
666	1	ERR696683_chr5
671	2	ERR696683_chr5
672	2	ERR696683_chr5
674	4	ERR696683_chr5
678	1	ERR696683_chr5
680	2	ERR696683_chr5
682	1	ERR696683_chr5
684	1	ERR696683_chr5
685	1	ERR696683_chr5
686	2	ERR696683_chr5
687	1	ERR696683_chr5
689	2	ERR696683_chr5
691	7	ERR696683_chr5
692	1	ERR696683_chr5
697	1	ERR696683_chr5
698	5	ERR696683_chr5
705	2	ERR696683_chr5
709	2	ERR696683_chr5
711	3	ERR696683_chr5
714	4	ERR696683_chr5
718	1	ERR696683_chr5
721	2	ERR696683_chr5
722	2	ERR696683_chr5
724	1	ERR696683_chr5
725	4	ERR696683_chr5
727	3	ERR696683_chr5
728	1	ERR696683_chr5
730	2	ERR696683_chr5
734	1	ERR696683_chr5
740	2	ERR696683_chr5
745	4	ERR696683_chr5
751	1	ERR696683_chr5
759	2	ERR696683_chr5
761	5	ERR696683_chr5
763	1	ERR696683_chr5
764	1	ERR696683_chr5
766	1	ERR696683_chr5
767	3	ERR696683_chr5
770	1	ERR696683_chr5
774	2	ERR696683_chr5
776	1	ERR696683_chr5
778	1	ERR696683_chr5
798	1	ERR696683_chr5
802	1	ERR696683_chr5
806	1	ERR696683_chr5
814	1	ERR696683_chr5
821	1	ERR696683_chr5
829	1	ERR696683_chr5
839	2	ERR696683_chr5
841	1	ERR696683_chr5
844	3	ERR696683_chr5
848	1	ERR696683_chr5
862	1	ERR696683_chr5
870	3	ERR696683_chr5
873	1	ERR696683_chr5
881	1	ERR696683_chr5
897	2	ERR696683_chr5
899	2	ERR696683_chr5
901	1	ERR696683_chr5
904	2	ERR696683_chr5
905	1	ERR696683_chr5
906	1	ERR696683_chr5
909	1	ERR696683_chr5
916	2	ERR696683_chr5
923	1	ERR696683_chr5
929	2	ERR696683_chr5
932	1	ERR696683_chr5
933	1	ERR696683_chr5
934	2	ERR696683_chr5
936	1	ERR696683_chr5
939	1	ERR696683_chr5
942	2	ERR696683_chr5
949	2	ERR696683_chr5
961	1	ERR696683_chr5
965	1	ERR696683_chr5
1002	2	ERR696683_chr5
1003	1	ERR696683_chr5
1007	1	ERR696683_chr5
1019	1	ERR696683_chr5
1033	2	ERR696683_chr5
1034	2	ERR696683_chr5
1036	2	ERR696683_chr5
1037	1	ERR696683_chr5
1039	2	ERR696683_chr5
1040	1	ERR696683_chr5
1042	2	ERR696683_chr5
1044	1	ERR696683_chr5
1048	1	ERR696683_chr5
1049	1	ERR696683_chr5
1055	3	ERR696683_chr5
1057	1	ERR696683_chr5
1058	2	ERR696683_chr5
1061	1	ERR696683_chr5
1064	1	ERR696683_chr5
1076	1	ERR696683_chr5
1081	1	ERR696683_chr5
1084	1	ERR696683_chr5
1087	1	ERR696683_chr5
1088	2	ERR696683_chr5
1093	1	ERR696683_chr5
1094	2	ERR696683_chr5
1114	1	ERR696683_chr5
1118	1	ERR696683_chr5
1127	1	ERR696683_chr5
1163	1	ERR696683_chr5
1172	2	ERR696683_chr5
1177	1	ERR696683_chr5
1179	1	ERR696683_chr5
1180	1	ERR696683_chr5
1181	1	ERR696683_chr5
1198	1	ERR696683_chr5
1228	1	ERR696683_chr5
1244	1	ERR696683_chr5
1254	1	ERR696683_chr5
1264	1	ERR696683_chr5
1295	1	ERR696683_chr5
1314	1	ERR696683_chr5
1327	1	ERR696683_chr5
1347	1	ERR696683_chr5
1380	1	ERR696683_chr5
1441	1	ERR696683_chr5
1442	1	ERR696683_chr5
1446	1	ERR696683_chr5
1452	1	ERR696683_chr5
1460	2	ERR696683_chr5
1465	1	ERR696683_chr5
1469	1	ERR696683_chr5
1476	2	ERR696683_chr5
1487	1	ERR696683_chr5
1492	1	ERR696683_chr5
1499	1	ERR696683_chr5
1516	1	ERR696683_chr5
1540	1	ERR696683_chr5
1559	1	ERR696683_chr5
1572	1	ERR696683_chr5
1574	1	ERR696683_chr5
1632	1	ERR696683_chr5
1640	5	ERR696683_chr5
1662	1	ERR696683_chr5
1663	1	ERR696683_chr5
1669	1	ERR696683_chr5
1674	1	ERR696683_chr5
1681	1	ERR696683_chr5
1745	1	ERR696683_chr5
1782	1	ERR696683_chr5
1819	1	ERR696683_chr5
1826	1	ERR696683_chr5
1841	2	ERR696683_chr5
1936	1	ERR696683_chr5
1941	1	ERR696683_chr5
1950	1	ERR696683_chr5
1951	1	ERR696683_chr5
1953	1	ERR696683_chr5
1959	4	ERR696683_chr5
1970	4	ERR696683_chr5
1986	4	ERR696683_chr5
1987	1	ERR696683_chr5
2010	4	ERR696683_chr5
2013	1	ERR696683_chr5
2033	2	ERR696683_chr5
2039	2	ERR696683_chr5
2067	2	ERR696683_chr5
2107	2	ERR696683_chr5
2147	1	ERR696683_chr5
2154	1	ERR696683_chr5
2158	1	ERR696683_chr5
2174	1	ERR696683_chr5
2194	1	ERR696683_chr5
2198	1	ERR696683_chr5
2241	1	ERR696683_chr5
2250	1	ERR696683_chr5
2261	1	ERR696683_chr5
2277	1	ERR696683_chr5
2301	2	ERR696683_chr5
2307	1	ERR696683_chr5
2345	1	ERR696683_chr5
2358	1	ERR696683_chr5
2400	1	ERR696683_chr5
2402	1	ERR696683_chr5
2428	1	ERR696683_chr5
2584	1	ERR696683_chr5
2937	1	ERR696683_chr5
3294	1	ERR696683_chr5
3309	1	ERR696683_chr5
3365	1	ERR696683_chr5
3380	1	ERR696683_chr5
3471	1	ERR696683_chr5
3624	1	ERR696683_chr5
3776	1	ERR696683_chr5
3791	1	ERR696683_chr5
3867	1	ERR696683_chr5
3894	1	ERR696683_chr5
3997	1	ERR696683_chr5
4435	1	ERR696683_chr5
4438	1	ERR696683_chr5
4450	1	ERR696683_chr5
4453	1	ERR696683_chr5
5344	1	ERR696683_chr5
5427	1	ERR696683_chr5
5876	1	ERR696683_chr5
1	4	ERR753368_chr5
3	11	ERR753368_chr5
4	7	ERR753368_chr5
5	2	ERR753368_chr5
6	1	ERR753368_chr5
7	1	ERR753368_chr5
8	4	ERR753368_chr5
9	2	ERR753368_chr5
11	3	ERR753368_chr5
12	1	ERR753368_chr5
13	1	ERR753368_chr5
15	2	ERR753368_chr5
16	18	ERR753368_chr5
17	3	ERR753368_chr5
18	1	ERR753368_chr5
20	7	ERR753368_chr5
22	14	ERR753368_chr5
23	7	ERR753368_chr5
24	4	ERR753368_chr5
26	3	ERR753368_chr5
27	2	ERR753368_chr5
28	8	ERR753368_chr5
30	5	ERR753368_chr5
32	5	ERR753368_chr5
33	22	ERR753368_chr5
34	3	ERR753368_chr5
35	2	ERR753368_chr5
36	3	ERR753368_chr5
37	3	ERR753368_chr5
38	10	ERR753368_chr5
39	3	ERR753368_chr5
40	4	ERR753368_chr5
41	5	ERR753368_chr5
42	15	ERR753368_chr5
44	5	ERR753368_chr5
45	1	ERR753368_chr5
47	3	ERR753368_chr5
48	4	ERR753368_chr5
50	6	ERR753368_chr5
51	4	ERR753368_chr5
52	4	ERR753368_chr5
53	1	ERR753368_chr5
54	3	ERR753368_chr5
56	4	ERR753368_chr5
57	4	ERR753368_chr5
58	5	ERR753368_chr5
59	7	ERR753368_chr5
61	5	ERR753368_chr5
62	4	ERR753368_chr5
64	16	ERR753368_chr5
65	3	ERR753368_chr5
66	8	ERR753368_chr5
67	2	ERR753368_chr5
68	7	ERR753368_chr5
69	8	ERR753368_chr5
70	9	ERR753368_chr5
74	1	ERR753368_chr5
75	7	ERR753368_chr5
76	8	ERR753368_chr5
77	5	ERR753368_chr5
78	2	ERR753368_chr5
79	1	ERR753368_chr5
80	4	ERR753368_chr5
81	1	ERR753368_chr5
82	2	ERR753368_chr5
84	1	ERR753368_chr5
85	6	ERR753368_chr5
86	1	ERR753368_chr5
87	5	ERR753368_chr5
88	3	ERR753368_chr5
89	3	ERR753368_chr5
90	2	ERR753368_chr5
94	5	ERR753368_chr5
96	4	ERR753368_chr5
97	6	ERR753368_chr5
98	2	ERR753368_chr5
99	7	ERR753368_chr5
100	5	ERR753368_chr5
101	1	ERR753368_chr5
102	5	ERR753368_chr5
104	3	ERR753368_chr5
106	2	ERR753368_chr5
107	2	ERR753368_chr5
110	5	ERR753368_chr5
111	7	ERR753368_chr5
112	2	ERR753368_chr5
113	2	ERR753368_chr5
115	1	ERR753368_chr5
116	8	ERR753368_chr5
118	1	ERR753368_chr5
119	7	ERR753368_chr5
120	3	ERR753368_chr5
121	6	ERR753368_chr5
122	3	ERR753368_chr5
123	2	ERR753368_chr5
124	4	ERR753368_chr5
126	2	ERR753368_chr5
127	6	ERR753368_chr5
128	2	ERR753368_chr5
129	1	ERR753368_chr5
131	2	ERR753368_chr5
133	3	ERR753368_chr5
135	8	ERR753368_chr5
136	6	ERR753368_chr5
137	6	ERR753368_chr5
138	6	ERR753368_chr5
139	3	ERR753368_chr5
140	8	ERR753368_chr5
142	2	ERR753368_chr5
144	3	ERR753368_chr5
147	2	ERR753368_chr5
148	11	ERR753368_chr5
149	5	ERR753368_chr5
150	5	ERR753368_chr5
151	3	ERR753368_chr5
152	4	ERR753368_chr5
153	6	ERR753368_chr5
154	5	ERR753368_chr5
155	2	ERR753368_chr5
156	4	ERR753368_chr5
157	1	ERR753368_chr5
158	6	ERR753368_chr5
159	3	ERR753368_chr5
161	3	ERR753368_chr5
162	1	ERR753368_chr5
163	2	ERR753368_chr5
164	8	ERR753368_chr5
165	7	ERR753368_chr5
166	4	ERR753368_chr5
167	3	ERR753368_chr5
169	4	ERR753368_chr5
170	2	ERR753368_chr5
171	8	ERR753368_chr5
173	4	ERR753368_chr5
175	4	ERR753368_chr5
176	6	ERR753368_chr5
178	1	ERR753368_chr5
179	5	ERR753368_chr5
180	2	ERR753368_chr5
181	2	ERR753368_chr5
182	11	ERR753368_chr5
183	4	ERR753368_chr5
184	5	ERR753368_chr5
185	7	ERR753368_chr5
186	10	ERR753368_chr5
188	2	ERR753368_chr5
191	1	ERR753368_chr5
192	4	ERR753368_chr5
193	3	ERR753368_chr5
195	2	ERR753368_chr5
196	1	ERR753368_chr5
197	1	ERR753368_chr5
199	1	ERR753368_chr5
200	2	ERR753368_chr5
201	4	ERR753368_chr5
202	2	ERR753368_chr5
203	14	ERR753368_chr5
204	3	ERR753368_chr5
206	1	ERR753368_chr5
207	7	ERR753368_chr5
208	6	ERR753368_chr5
210	1	ERR753368_chr5
212	8	ERR753368_chr5
214	2	ERR753368_chr5
215	7	ERR753368_chr5
217	1	ERR753368_chr5
219	1	ERR753368_chr5
220	4	ERR753368_chr5
221	4	ERR753368_chr5
222	1	ERR753368_chr5
223	6	ERR753368_chr5
225	5	ERR753368_chr5
226	1	ERR753368_chr5
227	2	ERR753368_chr5
229	3	ERR753368_chr5
231	6	ERR753368_chr5
232	5	ERR753368_chr5
233	11	ERR753368_chr5
234	5	ERR753368_chr5
235	1	ERR753368_chr5
236	1	ERR753368_chr5
237	2	ERR753368_chr5
238	1	ERR753368_chr5
239	3	ERR753368_chr5
242	4	ERR753368_chr5
243	1	ERR753368_chr5
245	3	ERR753368_chr5
246	3	ERR753368_chr5
247	8	ERR753368_chr5
248	1	ERR753368_chr5
249	2	ERR753368_chr5
250	2	ERR753368_chr5
251	2	ERR753368_chr5
253	5	ERR753368_chr5
255	2	ERR753368_chr5
256	1	ERR753368_chr5
257	4	ERR753368_chr5
259	2	ERR753368_chr5
261	2	ERR753368_chr5
262	8	ERR753368_chr5
263	1	ERR753368_chr5
264	1	ERR753368_chr5
265	4	ERR753368_chr5
266	1	ERR753368_chr5
267	6	ERR753368_chr5
268	2	ERR753368_chr5
269	1	ERR753368_chr5
271	2	ERR753368_chr5
272	12	ERR753368_chr5
274	5	ERR753368_chr5
275	4	ERR753368_chr5
277	4	ERR753368_chr5
278	2	ERR753368_chr5
279	1	ERR753368_chr5
282	3	ERR753368_chr5
283	1	ERR753368_chr5
284	1	ERR753368_chr5
285	1	ERR753368_chr5
286	4	ERR753368_chr5
287	2	ERR753368_chr5
288	1	ERR753368_chr5
292	2	ERR753368_chr5
294	2	ERR753368_chr5
295	1	ERR753368_chr5
297	6	ERR753368_chr5
298	1	ERR753368_chr5
300	3	ERR753368_chr5
301	3	ERR753368_chr5
303	1	ERR753368_chr5
304	1	ERR753368_chr5
305	1	ERR753368_chr5
306	1	ERR753368_chr5
307	1	ERR753368_chr5
309	7	ERR753368_chr5
311	2	ERR753368_chr5
315	5	ERR753368_chr5
316	5	ERR753368_chr5
317	1	ERR753368_chr5
318	2	ERR753368_chr5
319	1	ERR753368_chr5
321	2	ERR753368_chr5
322	3	ERR753368_chr5
323	1	ERR753368_chr5
324	1	ERR753368_chr5
325	3	ERR753368_chr5
327	3	ERR753368_chr5
329	2	ERR753368_chr5
330	2	ERR753368_chr5
331	3	ERR753368_chr5
335	4	ERR753368_chr5
336	1	ERR753368_chr5
338	2	ERR753368_chr5
339	1	ERR753368_chr5
341	2	ERR753368_chr5
344	4	ERR753368_chr5
346	3	ERR753368_chr5
347	2	ERR753368_chr5
348	3	ERR753368_chr5
349	6	ERR753368_chr5
351	1	ERR753368_chr5
353	1	ERR753368_chr5
355	4	ERR753368_chr5
356	2	ERR753368_chr5
357	1	ERR753368_chr5
358	1	ERR753368_chr5
359	2	ERR753368_chr5
360	2	ERR753368_chr5
364	1	ERR753368_chr5
368	3	ERR753368_chr5
370	4	ERR753368_chr5
371	4	ERR753368_chr5
372	1	ERR753368_chr5
374	3	ERR753368_chr5
377	1	ERR753368_chr5
378	1	ERR753368_chr5
379	1	ERR753368_chr5
381	5	ERR753368_chr5
382	1	ERR753368_chr5
384	7	ERR753368_chr5
385	2	ERR753368_chr5
386	2	ERR753368_chr5
389	5	ERR753368_chr5
390	1	ERR753368_chr5
391	2	ERR753368_chr5
392	3	ERR753368_chr5
393	1	ERR753368_chr5
395	1	ERR753368_chr5
396	4	ERR753368_chr5
397	8	ERR753368_chr5
398	2	ERR753368_chr5
399	3	ERR753368_chr5
400	6	ERR753368_chr5
401	2	ERR753368_chr5
402	3	ERR753368_chr5
403	4	ERR753368_chr5
404	3	ERR753368_chr5
405	1	ERR753368_chr5
406	2	ERR753368_chr5
408	3	ERR753368_chr5
410	3	ERR753368_chr5
414	1	ERR753368_chr5
415	3	ERR753368_chr5
417	2	ERR753368_chr5
418	1	ERR753368_chr5
419	1	ERR753368_chr5
420	5	ERR753368_chr5
421	2	ERR753368_chr5
423	2	ERR753368_chr5
424	3	ERR753368_chr5
426	1	ERR753368_chr5
428	2	ERR753368_chr5
429	4	ERR753368_chr5
430	2	ERR753368_chr5
431	6	ERR753368_chr5
433	4	ERR753368_chr5
435	12	ERR753368_chr5
438	4	ERR753368_chr5
439	7	ERR753368_chr5
440	1	ERR753368_chr5
443	2	ERR753368_chr5
444	1	ERR753368_chr5
448	4	ERR753368_chr5
450	3	ERR753368_chr5
453	1	ERR753368_chr5
454	4	ERR753368_chr5
455	2	ERR753368_chr5
456	2	ERR753368_chr5
457	4	ERR753368_chr5
459	3	ERR753368_chr5
461	2	ERR753368_chr5
463	5	ERR753368_chr5
464	2	ERR753368_chr5
465	1	ERR753368_chr5
468	3	ERR753368_chr5
470	3	ERR753368_chr5
474	3	ERR753368_chr5
475	1	ERR753368_chr5
476	2	ERR753368_chr5
477	3	ERR753368_chr5
481	1	ERR753368_chr5
482	1	ERR753368_chr5
488	1	ERR753368_chr5
490	1	ERR753368_chr5
491	4	ERR753368_chr5
492	1	ERR753368_chr5
494	2	ERR753368_chr5
495	2	ERR753368_chr5
496	2	ERR753368_chr5
497	1	ERR753368_chr5
498	2	ERR753368_chr5
499	2	ERR753368_chr5
500	2	ERR753368_chr5
503	3	ERR753368_chr5
504	1	ERR753368_chr5
505	1	ERR753368_chr5
508	1	ERR753368_chr5
509	2	ERR753368_chr5
511	1	ERR753368_chr5
512	2	ERR753368_chr5
514	3	ERR753368_chr5
519	4	ERR753368_chr5
520	1	ERR753368_chr5
522	2	ERR753368_chr5
523	1	ERR753368_chr5
524	1	ERR753368_chr5
525	3	ERR753368_chr5
526	1	ERR753368_chr5
527	3	ERR753368_chr5
528	2	ERR753368_chr5
529	5	ERR753368_chr5
530	1	ERR753368_chr5
532	3	ERR753368_chr5
534	1	ERR753368_chr5
536	3	ERR753368_chr5
540	2	ERR753368_chr5
544	11	ERR753368_chr5
545	1	ERR753368_chr5
546	1	ERR753368_chr5
547	1	ERR753368_chr5
550	1	ERR753368_chr5
551	1	ERR753368_chr5
553	5	ERR753368_chr5
554	2	ERR753368_chr5
555	1	ERR753368_chr5
556	1	ERR753368_chr5
560	6	ERR753368_chr5
562	2	ERR753368_chr5
563	1	ERR753368_chr5
566	1	ERR753368_chr5
567	2	ERR753368_chr5
570	1	ERR753368_chr5
571	2	ERR753368_chr5
574	1	ERR753368_chr5
575	1	ERR753368_chr5
579	3	ERR753368_chr5
580	1	ERR753368_chr5
582	2	ERR753368_chr5
583	1	ERR753368_chr5
585	20	ERR753368_chr5
588	2	ERR753368_chr5
591	1	ERR753368_chr5
592	6	ERR753368_chr5
594	1	ERR753368_chr5
596	1	ERR753368_chr5
597	1	ERR753368_chr5
598	4	ERR753368_chr5
599	1	ERR753368_chr5
600	2	ERR753368_chr5
601	1	ERR753368_chr5
602	1	ERR753368_chr5
603	1	ERR753368_chr5
611	1	ERR753368_chr5
614	1	ERR753368_chr5
618	2	ERR753368_chr5
620	1	ERR753368_chr5
621	1	ERR753368_chr5
623	1	ERR753368_chr5
625	1	ERR753368_chr5
626	1	ERR753368_chr5
627	2	ERR753368_chr5
628	1	ERR753368_chr5
629	1	ERR753368_chr5
630	1	ERR753368_chr5
635	3	ERR753368_chr5
636	1	ERR753368_chr5
637	2	ERR753368_chr5
639	2	ERR753368_chr5
640	1	ERR753368_chr5
644	1	ERR753368_chr5
648	1	ERR753368_chr5
650	1	ERR753368_chr5
656	2	ERR753368_chr5
660	2	ERR753368_chr5
661	2	ERR753368_chr5
664	2	ERR753368_chr5
665	1	ERR753368_chr5
666	1	ERR753368_chr5
668	1	ERR753368_chr5
669	1	ERR753368_chr5
671	1	ERR753368_chr5
674	4	ERR753368_chr5
677	2	ERR753368_chr5
678	1	ERR753368_chr5
680	2	ERR753368_chr5
681	1	ERR753368_chr5
682	1	ERR753368_chr5
683	1	ERR753368_chr5
684	1	ERR753368_chr5
685	1	ERR753368_chr5
687	3	ERR753368_chr5
689	2	ERR753368_chr5
691	4	ERR753368_chr5
692	1	ERR753368_chr5
697	1	ERR753368_chr5
698	3	ERR753368_chr5
702	3	ERR753368_chr5
705	2	ERR753368_chr5
709	2	ERR753368_chr5
711	4	ERR753368_chr5
712	3	ERR753368_chr5
714	2	ERR753368_chr5
721	2	ERR753368_chr5
722	3	ERR753368_chr5
724	1	ERR753368_chr5
725	2	ERR753368_chr5
726	3	ERR753368_chr5
727	2	ERR753368_chr5
728	1	ERR753368_chr5
732	3	ERR753368_chr5
734	1	ERR753368_chr5
736	1	ERR753368_chr5
740	3	ERR753368_chr5
743	2	ERR753368_chr5
745	4	ERR753368_chr5
751	2	ERR753368_chr5
758	2	ERR753368_chr5
759	2	ERR753368_chr5
761	5	ERR753368_chr5
763	1	ERR753368_chr5
764	1	ERR753368_chr5
767	3	ERR753368_chr5
772	2	ERR753368_chr5
776	1	ERR753368_chr5
778	1	ERR753368_chr5
785	1	ERR753368_chr5
786	3	ERR753368_chr5
790	1	ERR753368_chr5
794	1	ERR753368_chr5
796	2	ERR753368_chr5
798	1	ERR753368_chr5
799	2	ERR753368_chr5
804	3	ERR753368_chr5
806	1	ERR753368_chr5
814	1	ERR753368_chr5
816	1	ERR753368_chr5
821	1	ERR753368_chr5
826	1	ERR753368_chr5
834	1	ERR753368_chr5
842	1	ERR753368_chr5
846	1	ERR753368_chr5
848	1	ERR753368_chr5
853	2	ERR753368_chr5
871	1	ERR753368_chr5
879	3	ERR753368_chr5
881	1	ERR753368_chr5
890	4	ERR753368_chr5
897	2	ERR753368_chr5
899	2	ERR753368_chr5
900	1	ERR753368_chr5
901	1	ERR753368_chr5
904	2	ERR753368_chr5
905	1	ERR753368_chr5
906	1	ERR753368_chr5
909	1	ERR753368_chr5
916	2	ERR753368_chr5
923	1	ERR753368_chr5
929	2	ERR753368_chr5
933	1	ERR753368_chr5
934	2	ERR753368_chr5
936	1	ERR753368_chr5
939	1	ERR753368_chr5
942	5	ERR753368_chr5
949	2	ERR753368_chr5
961	1	ERR753368_chr5
980	1	ERR753368_chr5
989	1	ERR753368_chr5
999	1	ERR753368_chr5
1002	2	ERR753368_chr5
1003	1	ERR753368_chr5
1006	1	ERR753368_chr5
1019	1	ERR753368_chr5
1025	1	ERR753368_chr5
1027	1	ERR753368_chr5
1033	2	ERR753368_chr5
1034	2	ERR753368_chr5
1036	2	ERR753368_chr5
1037	1	ERR753368_chr5
1039	2	ERR753368_chr5
1040	1	ERR753368_chr5
1042	2	ERR753368_chr5
1044	1	ERR753368_chr5
1045	1	ERR753368_chr5
1057	1	ERR753368_chr5
1058	2	ERR753368_chr5
1060	1	ERR753368_chr5
1061	1	ERR753368_chr5
1064	1	ERR753368_chr5
1076	2	ERR753368_chr5
1081	1	ERR753368_chr5
1084	1	ERR753368_chr5
1087	1	ERR753368_chr5
1088	2	ERR753368_chr5
1094	2	ERR753368_chr5
1102	1	ERR753368_chr5
1114	1	ERR753368_chr5
1118	1	ERR753368_chr5
1119	1	ERR753368_chr5
1127	1	ERR753368_chr5
1129	2	ERR753368_chr5
1163	1	ERR753368_chr5
1172	2	ERR753368_chr5
1177	1	ERR753368_chr5
1180	1	ERR753368_chr5
1198	1	ERR753368_chr5
1228	1	ERR753368_chr5
1244	1	ERR753368_chr5
1253	1	ERR753368_chr5
1254	1	ERR753368_chr5
1264	1	ERR753368_chr5
1274	1	ERR753368_chr5
1295	1	ERR753368_chr5
1314	1	ERR753368_chr5
1327	1	ERR753368_chr5
1347	1	ERR753368_chr5
1380	1	ERR753368_chr5
1416	1	ERR753368_chr5
1430	1	ERR753368_chr5
1432	1	ERR753368_chr5
1433	1	ERR753368_chr5
1435	1	ERR753368_chr5
1441	1	ERR753368_chr5
1445	1	ERR753368_chr5
1446	1	ERR753368_chr5
1452	1	ERR753368_chr5
1460	2	ERR753368_chr5
1465	1	ERR753368_chr5
1487	1	ERR753368_chr5
1492	1	ERR753368_chr5
1493	2	ERR753368_chr5
1516	1	ERR753368_chr5
1540	1	ERR753368_chr5
1553	1	ERR753368_chr5
1559	1	ERR753368_chr5
1572	1	ERR753368_chr5
1624	1	ERR753368_chr5
1640	5	ERR753368_chr5
1641	1	ERR753368_chr5
1662	1	ERR753368_chr5
1663	1	ERR753368_chr5
1669	1	ERR753368_chr5
1674	1	ERR753368_chr5
1678	2	ERR753368_chr5
1679	1	ERR753368_chr5
1700	2	ERR753368_chr5
1725	1	ERR753368_chr5
1745	1	ERR753368_chr5
1756	2	ERR753368_chr5
1790	1	ERR753368_chr5
1794	2	ERR753368_chr5
1801	1	ERR753368_chr5
1819	1	ERR753368_chr5
1822	2	ERR753368_chr5
1936	1	ERR753368_chr5
1941	1	ERR753368_chr5
1950	1	ERR753368_chr5
1959	4	ERR753368_chr5
1960	2	ERR753368_chr5
1986	4	ERR753368_chr5
2033	2	ERR753368_chr5
2039	2	ERR753368_chr5
2067	2	ERR753368_chr5
2073	1	ERR753368_chr5
2088	1	ERR753368_chr5
2107	2	ERR753368_chr5
2147	1	ERR753368_chr5
2154	1	ERR753368_chr5
2174	1	ERR753368_chr5
2241	1	ERR753368_chr5
2250	1	ERR753368_chr5
2277	1	ERR753368_chr5
2301	1	ERR753368_chr5
2302	1	ERR753368_chr5
2307	2	ERR753368_chr5
2317	1	ERR753368_chr5
2428	1	ERR753368_chr5
2448	1	ERR753368_chr5
2463	1	ERR753368_chr5
2496	1	ERR753368_chr5
2531	2	ERR753368_chr5
2580	1	ERR753368_chr5
2937	1	ERR753368_chr5
3294	1	ERR753368_chr5
3365	1	ERR753368_chr5
3380	1	ERR753368_chr5
3476	1	ERR753368_chr5
3491	1	ERR753368_chr5
3618	1	ERR753368_chr5
3631	1	ERR753368_chr5
3681	1	ERR753368_chr5
3776	1	ERR753368_chr5
3791	1	ERR753368_chr5
4117	1	ERR753368_chr5
4169	1	ERR753368_chr5
4435	1	ERR753368_chr5
4450	1	ERR753368_chr5
5344	1	ERR753368_chr5
5427	1	ERR753368_chr5
1	9	ERR753369_chr5
3	11	ERR753369_chr5
4	2	ERR753369_chr5
5	2	ERR753369_chr5
6	3	ERR753369_chr5
7	1	ERR753369_chr5
8	9	ERR753369_chr5
9	2	ERR753369_chr5
10	5	ERR753369_chr5
11	1	ERR753369_chr5
12	2	ERR753369_chr5
13	5	ERR753369_chr5
15	1	ERR753369_chr5
16	2	ERR753369_chr5
17	3	ERR753369_chr5
18	3	ERR753369_chr5
19	3	ERR753369_chr5
20	9	ERR753369_chr5
22	15	ERR753369_chr5
23	4	ERR753369_chr5
24	4	ERR753369_chr5
26	2	ERR753369_chr5
27	1	ERR753369_chr5
28	4	ERR753369_chr5
30	9	ERR753369_chr5
31	1	ERR753369_chr5
33	8	ERR753369_chr5
34	4	ERR753369_chr5
35	2	ERR753369_chr5
36	4	ERR753369_chr5
37	4	ERR753369_chr5
38	4	ERR753369_chr5
39	2	ERR753369_chr5
40	2	ERR753369_chr5
41	4	ERR753369_chr5
42	19	ERR753369_chr5
43	1	ERR753369_chr5
44	5	ERR753369_chr5
45	5	ERR753369_chr5
48	5	ERR753369_chr5
49	8	ERR753369_chr5
51	3	ERR753369_chr5
52	2	ERR753369_chr5
53	2	ERR753369_chr5
56	3	ERR753369_chr5
57	3	ERR753369_chr5
58	6	ERR753369_chr5
59	8	ERR753369_chr5
62	4	ERR753369_chr5
63	1	ERR753369_chr5
64	1	ERR753369_chr5
66	2	ERR753369_chr5
67	2	ERR753369_chr5
68	1	ERR753369_chr5
69	10	ERR753369_chr5
70	9	ERR753369_chr5
71	1	ERR753369_chr5
72	1	ERR753369_chr5
74	3	ERR753369_chr5
75	6	ERR753369_chr5
76	14	ERR753369_chr5
77	1	ERR753369_chr5
78	3	ERR753369_chr5
79	1	ERR753369_chr5
80	4	ERR753369_chr5
81	1	ERR753369_chr5
83	1	ERR753369_chr5
85	11	ERR753369_chr5
87	4	ERR753369_chr5
88	2	ERR753369_chr5
90	3	ERR753369_chr5
92	2	ERR753369_chr5
94	5	ERR753369_chr5
96	3	ERR753369_chr5
97	1	ERR753369_chr5
98	2	ERR753369_chr5
99	2	ERR753369_chr5
100	2	ERR753369_chr5
102	5	ERR753369_chr5
104	3	ERR753369_chr5
105	2	ERR753369_chr5
106	5	ERR753369_chr5
107	7	ERR753369_chr5
108	2	ERR753369_chr5
110	3	ERR753369_chr5
111	1	ERR753369_chr5
112	4	ERR753369_chr5
113	1	ERR753369_chr5
114	3	ERR753369_chr5
115	10	ERR753369_chr5
116	3	ERR753369_chr5
117	1	ERR753369_chr5
118	2	ERR753369_chr5
119	9	ERR753369_chr5
120	2	ERR753369_chr5
121	6	ERR753369_chr5
122	11	ERR753369_chr5
123	1	ERR753369_chr5
124	2	ERR753369_chr5
126	2	ERR753369_chr5
127	13	ERR753369_chr5
128	2	ERR753369_chr5
129	2	ERR753369_chr5
130	1	ERR753369_chr5
131	5	ERR753369_chr5
133	3	ERR753369_chr5
134	1	ERR753369_chr5
135	8	ERR753369_chr5
136	1	ERR753369_chr5
138	2	ERR753369_chr5
139	2	ERR753369_chr5
140	8	ERR753369_chr5
141	1	ERR753369_chr5
142	1	ERR753369_chr5
144	2	ERR753369_chr5
146	2	ERR753369_chr5
147	5	ERR753369_chr5
148	1	ERR753369_chr5
149	2	ERR753369_chr5
150	2	ERR753369_chr5
151	1	ERR753369_chr5
152	8	ERR753369_chr5
154	1	ERR753369_chr5
155	2	ERR753369_chr5
156	1	ERR753369_chr5
158	3	ERR753369_chr5
159	6	ERR753369_chr5
160	2	ERR753369_chr5
161	2	ERR753369_chr5
162	1	ERR753369_chr5
163	1	ERR753369_chr5
164	5	ERR753369_chr5
167	8	ERR753369_chr5
169	5	ERR753369_chr5
170	3	ERR753369_chr5
173	5	ERR753369_chr5
175	4	ERR753369_chr5
176	4	ERR753369_chr5
177	2	ERR753369_chr5
178	2	ERR753369_chr5
179	9	ERR753369_chr5
182	10	ERR753369_chr5
183	3	ERR753369_chr5
184	6	ERR753369_chr5
186	8	ERR753369_chr5
188	2	ERR753369_chr5
189	1	ERR753369_chr5
190	1	ERR753369_chr5
191	1	ERR753369_chr5
192	4	ERR753369_chr5
193	1	ERR753369_chr5
194	3	ERR753369_chr5
195	1	ERR753369_chr5
196	2	ERR753369_chr5
197	2	ERR753369_chr5
199	1	ERR753369_chr5
200	3	ERR753369_chr5
201	3	ERR753369_chr5
202	2	ERR753369_chr5
203	9	ERR753369_chr5
205	1	ERR753369_chr5
206	1	ERR753369_chr5
207	6	ERR753369_chr5
208	6	ERR753369_chr5
211	3	ERR753369_chr5
212	6	ERR753369_chr5
214	1	ERR753369_chr5
215	1	ERR753369_chr5
217	3	ERR753369_chr5
220	3	ERR753369_chr5
221	4	ERR753369_chr5
222	1	ERR753369_chr5
223	6	ERR753369_chr5
225	5	ERR753369_chr5
229	3	ERR753369_chr5
230	2	ERR753369_chr5
231	7	ERR753369_chr5
232	1	ERR753369_chr5
234	2	ERR753369_chr5
235	2	ERR753369_chr5
236	2	ERR753369_chr5
237	2	ERR753369_chr5
238	1	ERR753369_chr5
239	1	ERR753369_chr5
240	2	ERR753369_chr5
245	4	ERR753369_chr5
247	3	ERR753369_chr5
248	1	ERR753369_chr5
249	2	ERR753369_chr5
251	4	ERR753369_chr5
253	5	ERR753369_chr5
254	1	ERR753369_chr5
255	3	ERR753369_chr5
256	1	ERR753369_chr5
258	4	ERR753369_chr5
259	2	ERR753369_chr5
262	8	ERR753369_chr5
263	1	ERR753369_chr5
264	1	ERR753369_chr5
265	3	ERR753369_chr5
267	2	ERR753369_chr5
268	2	ERR753369_chr5
269	2	ERR753369_chr5
270	2	ERR753369_chr5
272	1	ERR753369_chr5
274	3	ERR753369_chr5
275	4	ERR753369_chr5
276	2	ERR753369_chr5
277	4	ERR753369_chr5
278	1	ERR753369_chr5
279	1	ERR753369_chr5
282	11	ERR753369_chr5
283	3	ERR753369_chr5
284	2	ERR753369_chr5
286	4	ERR753369_chr5
287	6	ERR753369_chr5
288	1	ERR753369_chr5
290	1	ERR753369_chr5
292	2	ERR753369_chr5
294	1	ERR753369_chr5
297	6	ERR753369_chr5
298	1	ERR753369_chr5
300	2	ERR753369_chr5
301	1	ERR753369_chr5
302	2	ERR753369_chr5
303	1	ERR753369_chr5
304	1	ERR753369_chr5
306	1	ERR753369_chr5
307	1	ERR753369_chr5
311	2	ERR753369_chr5
312	1	ERR753369_chr5
316	2	ERR753369_chr5
317	1	ERR753369_chr5
318	2	ERR753369_chr5
319	1	ERR753369_chr5
321	2	ERR753369_chr5
322	3	ERR753369_chr5
325	3	ERR753369_chr5
327	4	ERR753369_chr5
328	2	ERR753369_chr5
329	2	ERR753369_chr5
330	1	ERR753369_chr5
331	8	ERR753369_chr5
335	4	ERR753369_chr5
339	1	ERR753369_chr5
341	3	ERR753369_chr5
343	3	ERR753369_chr5
344	4	ERR753369_chr5
346	1	ERR753369_chr5
348	3	ERR753369_chr5
349	4	ERR753369_chr5
351	1	ERR753369_chr5
353	2	ERR753369_chr5
355	4	ERR753369_chr5
356	2	ERR753369_chr5
359	1	ERR753369_chr5
360	2	ERR753369_chr5
364	3	ERR753369_chr5
368	4	ERR753369_chr5
369	1	ERR753369_chr5
370	4	ERR753369_chr5
372	1	ERR753369_chr5
374	3	ERR753369_chr5
376	3	ERR753369_chr5
377	3	ERR753369_chr5
378	4	ERR753369_chr5
379	1	ERR753369_chr5
381	5	ERR753369_chr5
382	1	ERR753369_chr5
384	7	ERR753369_chr5
385	1	ERR753369_chr5
389	3	ERR753369_chr5
391	1	ERR753369_chr5
393	2	ERR753369_chr5
394	1	ERR753369_chr5
395	1	ERR753369_chr5
397	9	ERR753369_chr5
398	2	ERR753369_chr5
400	1	ERR753369_chr5
401	2	ERR753369_chr5
402	3	ERR753369_chr5
403	3	ERR753369_chr5
404	3	ERR753369_chr5
405	2	ERR753369_chr5
406	5	ERR753369_chr5
408	2	ERR753369_chr5
409	3	ERR753369_chr5
410	2	ERR753369_chr5
414	1	ERR753369_chr5
415	3	ERR753369_chr5
418	1	ERR753369_chr5
419	1	ERR753369_chr5
420	3	ERR753369_chr5
421	2	ERR753369_chr5
423	2	ERR753369_chr5
424	3	ERR753369_chr5
425	2	ERR753369_chr5
426	1	ERR753369_chr5
428	4	ERR753369_chr5
431	3	ERR753369_chr5
435	6	ERR753369_chr5
438	4	ERR753369_chr5
439	4	ERR753369_chr5
440	1	ERR753369_chr5
441	2	ERR753369_chr5
444	1	ERR753369_chr5
446	1	ERR753369_chr5
447	1	ERR753369_chr5
448	6	ERR753369_chr5
449	1	ERR753369_chr5
450	2	ERR753369_chr5
453	3	ERR753369_chr5
454	2	ERR753369_chr5
455	1	ERR753369_chr5
456	2	ERR753369_chr5
458	1	ERR753369_chr5
459	3	ERR753369_chr5
461	2	ERR753369_chr5
463	3	ERR753369_chr5
464	6	ERR753369_chr5
465	3	ERR753369_chr5
468	4	ERR753369_chr5
470	3	ERR753369_chr5
472	1	ERR753369_chr5
475	1	ERR753369_chr5
477	2	ERR753369_chr5
478	2	ERR753369_chr5
481	1	ERR753369_chr5
482	1	ERR753369_chr5
483	4	ERR753369_chr5
485	1	ERR753369_chr5
486	3	ERR753369_chr5
488	2	ERR753369_chr5
490	1	ERR753369_chr5
491	6	ERR753369_chr5
492	2	ERR753369_chr5
495	1	ERR753369_chr5
496	2	ERR753369_chr5
498	2	ERR753369_chr5
499	4	ERR753369_chr5
500	2	ERR753369_chr5
503	2	ERR753369_chr5
505	2	ERR753369_chr5
507	2	ERR753369_chr5
508	1	ERR753369_chr5
509	2	ERR753369_chr5
511	3	ERR753369_chr5
514	3	ERR753369_chr5
519	3	ERR753369_chr5
520	6	ERR753369_chr5
522	5	ERR753369_chr5
523	1	ERR753369_chr5
525	2	ERR753369_chr5
526	1	ERR753369_chr5
527	2	ERR753369_chr5
528	2	ERR753369_chr5
529	3	ERR753369_chr5
532	3	ERR753369_chr5
533	1	ERR753369_chr5
534	1	ERR753369_chr5
536	3	ERR753369_chr5
540	2	ERR753369_chr5
541	1	ERR753369_chr5
544	6	ERR753369_chr5
545	4	ERR753369_chr5
546	2	ERR753369_chr5
550	1	ERR753369_chr5
551	2	ERR753369_chr5
552	1	ERR753369_chr5
553	4	ERR753369_chr5
560	5	ERR753369_chr5
562	2	ERR753369_chr5
566	1	ERR753369_chr5
568	1	ERR753369_chr5
571	2	ERR753369_chr5
574	2	ERR753369_chr5
575	1	ERR753369_chr5
576	1	ERR753369_chr5
580	1	ERR753369_chr5
583	1	ERR753369_chr5
585	12	ERR753369_chr5
586	1	ERR753369_chr5
588	2	ERR753369_chr5
592	6	ERR753369_chr5
593	1	ERR753369_chr5
594	1	ERR753369_chr5
595	2	ERR753369_chr5
598	3	ERR753369_chr5
601	1	ERR753369_chr5
603	1	ERR753369_chr5
611	1	ERR753369_chr5
618	2	ERR753369_chr5
620	1	ERR753369_chr5
621	1	ERR753369_chr5
623	2	ERR753369_chr5
627	3	ERR753369_chr5
628	1	ERR753369_chr5
630	1	ERR753369_chr5
635	3	ERR753369_chr5
636	1	ERR753369_chr5
637	2	ERR753369_chr5
640	1	ERR753369_chr5
641	2	ERR753369_chr5
643	1	ERR753369_chr5
645	1	ERR753369_chr5
648	1	ERR753369_chr5
650	1	ERR753369_chr5
652	1	ERR753369_chr5
653	1	ERR753369_chr5
661	1	ERR753369_chr5
665	1	ERR753369_chr5
666	1	ERR753369_chr5
669	1	ERR753369_chr5
670	1	ERR753369_chr5
671	1	ERR753369_chr5
672	13	ERR753369_chr5
674	1	ERR753369_chr5
678	1	ERR753369_chr5
680	3	ERR753369_chr5
681	1	ERR753369_chr5
682	1	ERR753369_chr5
685	1	ERR753369_chr5
686	1	ERR753369_chr5
687	3	ERR753369_chr5
689	1	ERR753369_chr5
690	1	ERR753369_chr5
691	2	ERR753369_chr5
692	1	ERR753369_chr5
698	1	ERR753369_chr5
700	1	ERR753369_chr5
701	1	ERR753369_chr5
702	1	ERR753369_chr5
708	2	ERR753369_chr5
709	2	ERR753369_chr5
710	2	ERR753369_chr5
711	3	ERR753369_chr5
712	2	ERR753369_chr5
714	2	ERR753369_chr5
718	1	ERR753369_chr5
725	2	ERR753369_chr5
727	2	ERR753369_chr5
728	2	ERR753369_chr5
730	2	ERR753369_chr5
733	1	ERR753369_chr5
734	2	ERR753369_chr5
736	1	ERR753369_chr5
740	3	ERR753369_chr5
743	1	ERR753369_chr5
746	1	ERR753369_chr5
751	1	ERR753369_chr5
755	1	ERR753369_chr5
757	1	ERR753369_chr5
759	2	ERR753369_chr5
761	4	ERR753369_chr5
764	3	ERR753369_chr5
766	1	ERR753369_chr5
767	1	ERR753369_chr5
770	1	ERR753369_chr5
778	1	ERR753369_chr5
785	1	ERR753369_chr5
786	3	ERR753369_chr5
787	1	ERR753369_chr5
790	1	ERR753369_chr5
793	1	ERR753369_chr5
798	1	ERR753369_chr5
799	1	ERR753369_chr5
802	1	ERR753369_chr5
804	3	ERR753369_chr5
806	4	ERR753369_chr5
812	1	ERR753369_chr5
814	2	ERR753369_chr5
816	1	ERR753369_chr5
820	1	ERR753369_chr5
821	1	ERR753369_chr5
829	2	ERR753369_chr5
833	1	ERR753369_chr5
837	2	ERR753369_chr5
848	2	ERR753369_chr5
854	1	ERR753369_chr5
860	3	ERR753369_chr5
867	1	ERR753369_chr5
868	1	ERR753369_chr5
869	2	ERR753369_chr5
877	2	ERR753369_chr5
881	1	ERR753369_chr5
884	1	ERR753369_chr5
890	1	ERR753369_chr5
893	1	ERR753369_chr5
897	2	ERR753369_chr5
898	1	ERR753369_chr5
899	2	ERR753369_chr5
900	1	ERR753369_chr5
901	1	ERR753369_chr5
904	2	ERR753369_chr5
906	1	ERR753369_chr5
909	1	ERR753369_chr5
916	2	ERR753369_chr5
923	1	ERR753369_chr5
929	2	ERR753369_chr5
932	1	ERR753369_chr5
934	2	ERR753369_chr5
939	1	ERR753369_chr5
942	3	ERR753369_chr5
949	2	ERR753369_chr5
962	3	ERR753369_chr5
966	14	ERR753369_chr5
980	1	ERR753369_chr5
989	1	ERR753369_chr5
1002	2	ERR753369_chr5
1003	1	ERR753369_chr5
1004	1	ERR753369_chr5
1006	1	ERR753369_chr5
1007	1	ERR753369_chr5
1019	1	ERR753369_chr5
1025	1	ERR753369_chr5
1027	1	ERR753369_chr5
1033	1	ERR753369_chr5
1039	2	ERR753369_chr5
1040	1	ERR753369_chr5
1042	1	ERR753369_chr5
1044	1	ERR753369_chr5
1045	1	ERR753369_chr5
1052	2	ERR753369_chr5
1055	3	ERR753369_chr5
1057	1	ERR753369_chr5
1058	2	ERR753369_chr5
1064	1	ERR753369_chr5
1065	1	ERR753369_chr5
1084	2	ERR753369_chr5
1094	2	ERR753369_chr5
1102	1	ERR753369_chr5
1114	1	ERR753369_chr5
1118	1	ERR753369_chr5
1119	1	ERR753369_chr5
1125	1	ERR753369_chr5
1127	1	ERR753369_chr5
1146	1	ERR753369_chr5
1152	1	ERR753369_chr5
1164	1	ERR753369_chr5
1179	1	ERR753369_chr5
1180	1	ERR753369_chr5
1181	1	ERR753369_chr5
1198	1	ERR753369_chr5
1204	1	ERR753369_chr5
1223	1	ERR753369_chr5
1244	1	ERR753369_chr5
1253	1	ERR753369_chr5
1259	1	ERR753369_chr5
1264	1	ERR753369_chr5
1347	1	ERR753369_chr5
1409	1	ERR753369_chr5
1425	1	ERR753369_chr5
1430	1	ERR753369_chr5
1435	1	ERR753369_chr5
1445	1	ERR753369_chr5
1446	1	ERR753369_chr5
1452	1	ERR753369_chr5
1460	2	ERR753369_chr5
1465	1	ERR753369_chr5
1467	1	ERR753369_chr5
1487	1	ERR753369_chr5
1492	1	ERR753369_chr5
1493	2	ERR753369_chr5
1503	1	ERR753369_chr5
1540	1	ERR753369_chr5
1543	1	ERR753369_chr5
1559	1	ERR753369_chr5
1572	1	ERR753369_chr5
1579	1	ERR753369_chr5
1624	1	ERR753369_chr5
1662	1	ERR753369_chr5
1663	1	ERR753369_chr5
1664	1	ERR753369_chr5
1674	1	ERR753369_chr5
1678	2	ERR753369_chr5
1737	1	ERR753369_chr5
1745	1	ERR753369_chr5
1756	2	ERR753369_chr5
1822	2	ERR753369_chr5
1848	1	ERR753369_chr5
1903	1	ERR753369_chr5
1945	1	ERR753369_chr5
1953	1	ERR753369_chr5
1960	2	ERR753369_chr5
1981	1	ERR753369_chr5
1986	4	ERR753369_chr5
2021	1	ERR753369_chr5
2142	1	ERR753369_chr5
2174	1	ERR753369_chr5
2277	1	ERR753369_chr5
2307	1	ERR753369_chr5
2428	1	ERR753369_chr5
2758	1	ERR753369_chr5
3294	1	ERR753369_chr5
3365	1	ERR753369_chr5
3380	1	ERR753369_chr5
3476	1	ERR753369_chr5
3491	1	ERR753369_chr5
3618	1	ERR753369_chr5
3631	1	ERR753369_chr5
3681	1	ERR753369_chr5
4117	1	ERR753369_chr5
4169	1	ERR753369_chr5
5344	1	ERR753369_chr5
5427	1	ERR753369_chr5
3	1	ERR753370_chr5
4	2	ERR753370_chr5
6	3	ERR753370_chr5
7	1	ERR753370_chr5
8	6	ERR753370_chr5
9	2	ERR753370_chr5
10	5	ERR753370_chr5
11	3	ERR753370_chr5
12	8	ERR753370_chr5
13	4	ERR753370_chr5
15	2	ERR753370_chr5
16	18	ERR753370_chr5
17	3	ERR753370_chr5
18	4	ERR753370_chr5
19	3	ERR753370_chr5
20	2	ERR753370_chr5
22	25	ERR753370_chr5
23	3	ERR753370_chr5
24	4	ERR753370_chr5
25	2	ERR753370_chr5
26	2	ERR753370_chr5
27	3	ERR753370_chr5
28	14	ERR753370_chr5
30	2	ERR753370_chr5
31	1	ERR753370_chr5
32	1	ERR753370_chr5
34	3	ERR753370_chr5
35	2	ERR753370_chr5
36	3	ERR753370_chr5
37	2	ERR753370_chr5
38	5	ERR753370_chr5
39	2	ERR753370_chr5
40	4	ERR753370_chr5
41	4	ERR753370_chr5
42	19	ERR753370_chr5
43	1	ERR753370_chr5
44	13	ERR753370_chr5
45	3	ERR753370_chr5
46	1	ERR753370_chr5
48	5	ERR753370_chr5
49	3	ERR753370_chr5
51	2	ERR753370_chr5
52	1	ERR753370_chr5
53	4	ERR753370_chr5
54	3	ERR753370_chr5
55	2	ERR753370_chr5
56	3	ERR753370_chr5
57	4	ERR753370_chr5
58	6	ERR753370_chr5
61	4	ERR753370_chr5
62	7	ERR753370_chr5
63	1	ERR753370_chr5
64	6	ERR753370_chr5
65	2	ERR753370_chr5
66	6	ERR753370_chr5
67	2	ERR753370_chr5
68	2	ERR753370_chr5
69	4	ERR753370_chr5
70	9	ERR753370_chr5
71	6	ERR753370_chr5
73	7	ERR753370_chr5
74	1	ERR753370_chr5
75	2	ERR753370_chr5
76	12	ERR753370_chr5
77	1	ERR753370_chr5
78	3	ERR753370_chr5
79	1	ERR753370_chr5
80	4	ERR753370_chr5
81	8	ERR753370_chr5
83	1	ERR753370_chr5
84	1	ERR753370_chr5
85	6	ERR753370_chr5
87	5	ERR753370_chr5
88	3	ERR753370_chr5
89	1	ERR753370_chr5
90	4	ERR753370_chr5
91	2	ERR753370_chr5
92	2	ERR753370_chr5
93	1	ERR753370_chr5
94	5	ERR753370_chr5
96	3	ERR753370_chr5
97	6	ERR753370_chr5
98	3	ERR753370_chr5
99	4	ERR753370_chr5
100	6	ERR753370_chr5
102	3	ERR753370_chr5
104	6	ERR753370_chr5
106	10	ERR753370_chr5
107	5	ERR753370_chr5
108	2	ERR753370_chr5
110	4	ERR753370_chr5
111	5	ERR753370_chr5
112	2	ERR753370_chr5
113	3	ERR753370_chr5
114	8	ERR753370_chr5
115	10	ERR753370_chr5
116	9	ERR753370_chr5
117	1	ERR753370_chr5
118	2	ERR753370_chr5
119	9	ERR753370_chr5
120	2	ERR753370_chr5
121	8	ERR753370_chr5
122	8	ERR753370_chr5
123	1	ERR753370_chr5
124	1	ERR753370_chr5
127	13	ERR753370_chr5
129	2	ERR753370_chr5
130	1	ERR753370_chr5
131	9	ERR753370_chr5
134	1	ERR753370_chr5
135	8	ERR753370_chr5
136	6	ERR753370_chr5
138	1	ERR753370_chr5
139	2	ERR753370_chr5
140	8	ERR753370_chr5
142	1	ERR753370_chr5
143	4	ERR753370_chr5
144	1	ERR753370_chr5
145	4	ERR753370_chr5
147	2	ERR753370_chr5
148	10	ERR753370_chr5
149	9	ERR753370_chr5
150	3	ERR753370_chr5
151	5	ERR753370_chr5
152	4	ERR753370_chr5
154	4	ERR753370_chr5
155	4	ERR753370_chr5
156	2	ERR753370_chr5
157	5	ERR753370_chr5
158	3	ERR753370_chr5
160	3	ERR753370_chr5
161	2	ERR753370_chr5
162	5	ERR753370_chr5
163	1	ERR753370_chr5
164	7	ERR753370_chr5
165	7	ERR753370_chr5
166	2	ERR753370_chr5
167	7	ERR753370_chr5
168	1	ERR753370_chr5
169	5	ERR753370_chr5
170	4	ERR753370_chr5
171	9	ERR753370_chr5
173	1	ERR753370_chr5
175	6	ERR753370_chr5
176	5	ERR753370_chr5
177	5	ERR753370_chr5
178	2	ERR753370_chr5
179	10	ERR753370_chr5
181	2	ERR753370_chr5
182	12	ERR753370_chr5
183	3	ERR753370_chr5
184	1	ERR753370_chr5
185	2	ERR753370_chr5
186	8	ERR753370_chr5
188	2	ERR753370_chr5
189	21	ERR753370_chr5
190	3	ERR753370_chr5
191	1	ERR753370_chr5
192	4	ERR753370_chr5
193	7	ERR753370_chr5
197	1	ERR753370_chr5
199	1	ERR753370_chr5
200	2	ERR753370_chr5
201	4	ERR753370_chr5
202	1	ERR753370_chr5
203	11	ERR753370_chr5
207	11	ERR753370_chr5
209	2	ERR753370_chr5
212	5	ERR753370_chr5
213	1	ERR753370_chr5
214	1	ERR753370_chr5
215	6	ERR753370_chr5
216	7	ERR753370_chr5
217	4	ERR753370_chr5
218	1	ERR753370_chr5
220	3	ERR753370_chr5
221	2	ERR753370_chr5
223	8	ERR753370_chr5
226	2	ERR753370_chr5
227	1	ERR753370_chr5
228	2	ERR753370_chr5
229	3	ERR753370_chr5
230	3	ERR753370_chr5
231	7	ERR753370_chr5
232	9	ERR753370_chr5
233	2	ERR753370_chr5
234	2	ERR753370_chr5
235	2	ERR753370_chr5
236	1	ERR753370_chr5
237	2	ERR753370_chr5
238	3	ERR753370_chr5
239	2	ERR753370_chr5
240	3	ERR753370_chr5
244	4	ERR753370_chr5
245	10	ERR753370_chr5
247	8	ERR753370_chr5
249	1	ERR753370_chr5
251	2	ERR753370_chr5
253	5	ERR753370_chr5
255	3	ERR753370_chr5
256	14	ERR753370_chr5
258	4	ERR753370_chr5
259	2	ERR753370_chr5
261	3	ERR753370_chr5
262	8	ERR753370_chr5
263	4	ERR753370_chr5
264	2	ERR753370_chr5
265	7	ERR753370_chr5
267	2	ERR753370_chr5
269	2	ERR753370_chr5
270	1	ERR753370_chr5
271	2	ERR753370_chr5
272	2	ERR753370_chr5
273	1	ERR753370_chr5
274	4	ERR753370_chr5
275	4	ERR753370_chr5
276	2	ERR753370_chr5
277	3	ERR753370_chr5
278	2	ERR753370_chr5
279	1	ERR753370_chr5
282	13	ERR753370_chr5
283	3	ERR753370_chr5
284	1	ERR753370_chr5
287	7	ERR753370_chr5
288	2	ERR753370_chr5
289	2	ERR753370_chr5
290	1	ERR753370_chr5
294	3	ERR753370_chr5
296	1	ERR753370_chr5
297	16	ERR753370_chr5
298	1	ERR753370_chr5
299	1	ERR753370_chr5
300	6	ERR753370_chr5
301	2	ERR753370_chr5
303	1	ERR753370_chr5
304	2	ERR753370_chr5
306	3	ERR753370_chr5
307	1	ERR753370_chr5
311	2	ERR753370_chr5
312	1	ERR753370_chr5
313	1	ERR753370_chr5
315	1	ERR753370_chr5
316	6	ERR753370_chr5
317	1	ERR753370_chr5
319	1	ERR753370_chr5
321	2	ERR753370_chr5
323	1	ERR753370_chr5
324	3	ERR753370_chr5
325	3	ERR753370_chr5
326	1	ERR753370_chr5
327	3	ERR753370_chr5
328	1	ERR753370_chr5
329	3	ERR753370_chr5
330	1	ERR753370_chr5
331	8	ERR753370_chr5
333	1	ERR753370_chr5
335	8	ERR753370_chr5
336	3	ERR753370_chr5
337	4	ERR753370_chr5
338	2	ERR753370_chr5
341	1	ERR753370_chr5
343	3	ERR753370_chr5
344	5	ERR753370_chr5
347	1	ERR753370_chr5
348	2	ERR753370_chr5
349	4	ERR753370_chr5
351	2	ERR753370_chr5
353	3	ERR753370_chr5
355	4	ERR753370_chr5
356	2	ERR753370_chr5
359	1	ERR753370_chr5
360	2	ERR753370_chr5
364	3	ERR753370_chr5
365	1	ERR753370_chr5
366	1	ERR753370_chr5
368	4	ERR753370_chr5
369	2	ERR753370_chr5
370	6	ERR753370_chr5
371	2	ERR753370_chr5
372	1	ERR753370_chr5
373	2	ERR753370_chr5
374	3	ERR753370_chr5
377	4	ERR753370_chr5
378	1	ERR753370_chr5
380	2	ERR753370_chr5
382	1	ERR753370_chr5
384	2	ERR753370_chr5
386	2	ERR753370_chr5
387	1	ERR753370_chr5
388	2	ERR753370_chr5
389	4	ERR753370_chr5
390	1	ERR753370_chr5
391	1	ERR753370_chr5
392	3	ERR753370_chr5
393	1	ERR753370_chr5
394	1	ERR753370_chr5
395	1	ERR753370_chr5
396	4	ERR753370_chr5
397	8	ERR753370_chr5
400	1	ERR753370_chr5
401	2	ERR753370_chr5
402	5	ERR753370_chr5
403	3	ERR753370_chr5
404	5	ERR753370_chr5
405	2	ERR753370_chr5
406	5	ERR753370_chr5
408	1	ERR753370_chr5
410	3	ERR753370_chr5
412	1	ERR753370_chr5
413	1	ERR753370_chr5
415	1	ERR753370_chr5
416	1	ERR753370_chr5
418	1	ERR753370_chr5
419	1	ERR753370_chr5
420	4	ERR753370_chr5
421	2	ERR753370_chr5
422	1	ERR753370_chr5
423	2	ERR753370_chr5
426	2	ERR753370_chr5
428	5	ERR753370_chr5
430	2	ERR753370_chr5
431	1	ERR753370_chr5
435	5	ERR753370_chr5
436	1	ERR753370_chr5
438	1	ERR753370_chr5
439	5	ERR753370_chr5
440	1	ERR753370_chr5
441	2	ERR753370_chr5
444	1	ERR753370_chr5
446	1	ERR753370_chr5
448	6	ERR753370_chr5
449	1	ERR753370_chr5
453	3	ERR753370_chr5
454	4	ERR753370_chr5
455	3	ERR753370_chr5
456	3	ERR753370_chr5
458	4	ERR753370_chr5
459	3	ERR753370_chr5
461	1	ERR753370_chr5
463	3	ERR753370_chr5
464	3	ERR753370_chr5
465	2	ERR753370_chr5
468	2	ERR753370_chr5
470	3	ERR753370_chr5
471	1	ERR753370_chr5
472	1	ERR753370_chr5
474	2	ERR753370_chr5
475	1	ERR753370_chr5
477	2	ERR753370_chr5
478	1	ERR753370_chr5
479	4	ERR753370_chr5
480	2	ERR753370_chr5
482	3	ERR753370_chr5
483	3	ERR753370_chr5
485	1	ERR753370_chr5
486	6	ERR753370_chr5
488	2	ERR753370_chr5
489	1	ERR753370_chr5
490	1	ERR753370_chr5
491	5	ERR753370_chr5
492	5	ERR753370_chr5
495	1	ERR753370_chr5
496	3	ERR753370_chr5
498	2	ERR753370_chr5
499	5	ERR753370_chr5
500	2	ERR753370_chr5
503	2	ERR753370_chr5
504	1	ERR753370_chr5
505	2	ERR753370_chr5
507	2	ERR753370_chr5
508	1	ERR753370_chr5
509	3	ERR753370_chr5
511	2	ERR753370_chr5
512	2	ERR753370_chr5
514	3	ERR753370_chr5
516	1	ERR753370_chr5
517	2	ERR753370_chr5
518	1	ERR753370_chr5
519	4	ERR753370_chr5
520	2	ERR753370_chr5
522	6	ERR753370_chr5
523	2	ERR753370_chr5
525	3	ERR753370_chr5
526	1	ERR753370_chr5
527	3	ERR753370_chr5
528	2	ERR753370_chr5
529	8	ERR753370_chr5
530	1	ERR753370_chr5
532	3	ERR753370_chr5
533	1	ERR753370_chr5
534	1	ERR753370_chr5
536	4	ERR753370_chr5
537	1	ERR753370_chr5
538	1	ERR753370_chr5
540	3	ERR753370_chr5
541	1	ERR753370_chr5
542	1	ERR753370_chr5
543	1	ERR753370_chr5
545	4	ERR753370_chr5
546	3	ERR753370_chr5
547	1	ERR753370_chr5
548	1	ERR753370_chr5
550	1	ERR753370_chr5
552	3	ERR753370_chr5
553	5	ERR753370_chr5
555	1	ERR753370_chr5
556	1	ERR753370_chr5
559	1	ERR753370_chr5
561	12	ERR753370_chr5
563	2	ERR753370_chr5
566	1	ERR753370_chr5
568	1	ERR753370_chr5
569	1	ERR753370_chr5
571	4	ERR753370_chr5
574	2	ERR753370_chr5
575	1	ERR753370_chr5
576	3	ERR753370_chr5
580	1	ERR753370_chr5
583	7	ERR753370_chr5
585	14	ERR753370_chr5
586	1	ERR753370_chr5
587	1	ERR753370_chr5
588	5	ERR753370_chr5
592	6	ERR753370_chr5
594	1	ERR753370_chr5
595	2	ERR753370_chr5
598	4	ERR753370_chr5
600	1	ERR753370_chr5
603	1	ERR753370_chr5
604	1	ERR753370_chr5
611	1	ERR753370_chr5
613	2	ERR753370_chr5
614	1	ERR753370_chr5
617	2	ERR753370_chr5
618	1	ERR753370_chr5
620	1	ERR753370_chr5
621	1	ERR753370_chr5
625	1	ERR753370_chr5
627	2	ERR753370_chr5
628	1	ERR753370_chr5
630	1	ERR753370_chr5
634	1	ERR753370_chr5
635	3	ERR753370_chr5
636	1	ERR753370_chr5
639	2	ERR753370_chr5
640	1	ERR753370_chr5
641	2	ERR753370_chr5
644	3	ERR753370_chr5
645	2	ERR753370_chr5
647	1	ERR753370_chr5
648	1	ERR753370_chr5
652	4	ERR753370_chr5
659	1	ERR753370_chr5
660	2	ERR753370_chr5
665	1	ERR753370_chr5
666	1	ERR753370_chr5
671	1	ERR753370_chr5
672	2	ERR753370_chr5
674	1	ERR753370_chr5
678	1	ERR753370_chr5
680	1	ERR753370_chr5
682	1	ERR753370_chr5
684	1	ERR753370_chr5
685	1	ERR753370_chr5
686	2	ERR753370_chr5
687	1	ERR753370_chr5
689	1	ERR753370_chr5
691	2	ERR753370_chr5
692	1	ERR753370_chr5
698	6	ERR753370_chr5
701	1	ERR753370_chr5
708	1	ERR753370_chr5
709	2	ERR753370_chr5
710	2	ERR753370_chr5
711	3	ERR753370_chr5
714	2	ERR753370_chr5
718	1	ERR753370_chr5
725	2	ERR753370_chr5
727	3	ERR753370_chr5
728	1	ERR753370_chr5
730	2	ERR753370_chr5
733	1	ERR753370_chr5
734	2	ERR753370_chr5
735	1	ERR753370_chr5
739	1	ERR753370_chr5
740	1	ERR753370_chr5
743	1	ERR753370_chr5
744	1	ERR753370_chr5
751	1	ERR753370_chr5
755	1	ERR753370_chr5
757	2	ERR753370_chr5
761	4	ERR753370_chr5
763	3	ERR753370_chr5
764	3	ERR753370_chr5
766	4	ERR753370_chr5
767	5	ERR753370_chr5
773	1	ERR753370_chr5
774	2	ERR753370_chr5
778	1	ERR753370_chr5
783	2	ERR753370_chr5
784	3	ERR753370_chr5
785	1	ERR753370_chr5
786	3	ERR753370_chr5
787	1	ERR753370_chr5
790	1	ERR753370_chr5
796	2	ERR753370_chr5
798	2	ERR753370_chr5
799	1	ERR753370_chr5
800	3	ERR753370_chr5
802	1	ERR753370_chr5
804	3	ERR753370_chr5
806	4	ERR753370_chr5
808	2	ERR753370_chr5
814	2	ERR753370_chr5
820	3	ERR753370_chr5
821	1	ERR753370_chr5
826	1	ERR753370_chr5
829	2	ERR753370_chr5
833	1	ERR753370_chr5
834	2	ERR753370_chr5
837	2	ERR753370_chr5
839	2	ERR753370_chr5
841	1	ERR753370_chr5
848	2	ERR753370_chr5
854	1	ERR753370_chr5
860	3	ERR753370_chr5
862	1	ERR753370_chr5
863	1	ERR753370_chr5
870	4	ERR753370_chr5
871	3	ERR753370_chr5
873	1	ERR753370_chr5
877	2	ERR753370_chr5
879	1	ERR753370_chr5
881	1	ERR753370_chr5
884	1	ERR753370_chr5
887	1	ERR753370_chr5
890	1	ERR753370_chr5
893	1	ERR753370_chr5
897	2	ERR753370_chr5
898	1	ERR753370_chr5
899	2	ERR753370_chr5
900	1	ERR753370_chr5
901	1	ERR753370_chr5
904	2	ERR753370_chr5
905	1	ERR753370_chr5
906	1	ERR753370_chr5
909	1	ERR753370_chr5
913	1	ERR753370_chr5
916	2	ERR753370_chr5
923	1	ERR753370_chr5
924	1	ERR753370_chr5
925	2	ERR753370_chr5
929	2	ERR753370_chr5
934	2	ERR753370_chr5
936	1	ERR753370_chr5
939	1	ERR753370_chr5
942	3	ERR753370_chr5
949	4	ERR753370_chr5
952	1	ERR753370_chr5
961	1	ERR753370_chr5
962	4	ERR753370_chr5
966	14	ERR753370_chr5
980	1	ERR753370_chr5
989	1	ERR753370_chr5
999	1	ERR753370_chr5
1002	2	ERR753370_chr5
1003	1	ERR753370_chr5
1007	1	ERR753370_chr5
1011	2	ERR753370_chr5
1019	1	ERR753370_chr5
1029	1	ERR753370_chr5
1033	2	ERR753370_chr5
1034	2	ERR753370_chr5
1039	2	ERR753370_chr5
1040	1	ERR753370_chr5
1042	2	ERR753370_chr5
1044	1	ERR753370_chr5
1045	1	ERR753370_chr5
1052	2	ERR753370_chr5
1055	3	ERR753370_chr5
1057	1	ERR753370_chr5
1058	2	ERR753370_chr5
1061	1	ERR753370_chr5
1064	1	ERR753370_chr5
1065	1	ERR753370_chr5
1066	3	ERR753370_chr5
1076	1	ERR753370_chr5
1084	2	ERR753370_chr5
1087	1	ERR753370_chr5
1088	2	ERR753370_chr5
1094	2	ERR753370_chr5
1102	3	ERR753370_chr5
1114	1	ERR753370_chr5
1118	1	ERR753370_chr5
1119	1	ERR753370_chr5
1122	1	ERR753370_chr5
1125	1	ERR753370_chr5
1127	1	ERR753370_chr5
1129	2	ERR753370_chr5
1146	1	ERR753370_chr5
1156	1	ERR753370_chr5
1163	1	ERR753370_chr5
1164	1	ERR753370_chr5
1173	1	ERR753370_chr5
1177	1	ERR753370_chr5
1179	1	ERR753370_chr5
1180	1	ERR753370_chr5
1181	1	ERR753370_chr5
1198	1	ERR753370_chr5
1221	1	ERR753370_chr5
1244	1	ERR753370_chr5
1253	2	ERR753370_chr5
1254	2	ERR753370_chr5
1259	1	ERR753370_chr5
1264	1	ERR753370_chr5
1314	1	ERR753370_chr5
1347	1	ERR753370_chr5
1369	1	ERR753370_chr5
1384	1	ERR753370_chr5
1409	1	ERR753370_chr5
1425	1	ERR753370_chr5
1441	1	ERR753370_chr5
1443	1	ERR753370_chr5
1446	1	ERR753370_chr5
1452	1	ERR753370_chr5
1458	1	ERR753370_chr5
1460	2	ERR753370_chr5
1465	1	ERR753370_chr5
1467	1	ERR753370_chr5
1469	1	ERR753370_chr5
1478	1	ERR753370_chr5
1487	1	ERR753370_chr5
1492	1	ERR753370_chr5
1493	2	ERR753370_chr5
1502	1	ERR753370_chr5
1503	1	ERR753370_chr5
1512	1	ERR753370_chr5
1516	1	ERR753370_chr5
1540	1	ERR753370_chr5
1543	1	ERR753370_chr5
1559	1	ERR753370_chr5
1572	1	ERR753370_chr5
1662	1	ERR753370_chr5
1663	1	ERR753370_chr5
1664	1	ERR753370_chr5
1674	1	ERR753370_chr5
1678	2	ERR753370_chr5
1737	1	ERR753370_chr5
1745	1	ERR753370_chr5
1756	2	ERR753370_chr5
1822	2	ERR753370_chr5
1826	1	ERR753370_chr5
1848	1	ERR753370_chr5
1903	1	ERR753370_chr5
1936	1	ERR753370_chr5
1945	1	ERR753370_chr5
1950	1	ERR753370_chr5
1953	1	ERR753370_chr5
1960	2	ERR753370_chr5
1981	1	ERR753370_chr5
1986	4	ERR753370_chr5
2013	1	ERR753370_chr5
2021	1	ERR753370_chr5
2050	1	ERR753370_chr5
2142	1	ERR753370_chr5
2154	1	ERR753370_chr5
2174	1	ERR753370_chr5
2194	1	ERR753370_chr5
2241	1	ERR753370_chr5
2277	1	ERR753370_chr5
2301	1	ERR753370_chr5
2307	1	ERR753370_chr5
2358	1	ERR753370_chr5
2428	1	ERR753370_chr5
2530	1	ERR753370_chr5
2758	1	ERR753370_chr5
2937	1	ERR753370_chr5
3071	1	ERR753370_chr5
3294	1	ERR753370_chr5
3318	1	ERR753370_chr5
3365	1	ERR753370_chr5
3380	1	ERR753370_chr5
3476	1	ERR753370_chr5
3479	1	ERR753370_chr5
3491	1	ERR753370_chr5
3618	1	ERR753370_chr5
3631	1	ERR753370_chr5
3681	1	ERR753370_chr5
3776	1	ERR753370_chr5
3791	1	ERR753370_chr5
3867	1	ERR753370_chr5
3894	1	ERR753370_chr5
3966	1	ERR753370_chr5
4117	1	ERR753370_chr5
4169	1	ERR753370_chr5
4435	1	ERR753370_chr5
4438	1	ERR753370_chr5
4450	1	ERR753370_chr5
4453	1	ERR753370_chr5
5344	1	ERR753370_chr5
5427	1	ERR753370_chr5
5876	1	ERR753370_chr5
1	1	ERR753371_chr5
6	1	ERR753371_chr5
9	1	ERR753371_chr5
11	1	ERR753371_chr5
13	1	ERR753371_chr5
17	2	ERR753371_chr5
20	3	ERR753371_chr5
22	7	ERR753371_chr5
24	1	ERR753371_chr5
28	1	ERR753371_chr5
34	1	ERR753371_chr5
35	1	ERR753371_chr5
36	5	ERR753371_chr5
38	1	ERR753371_chr5
39	1	ERR753371_chr5
40	2	ERR753371_chr5
45	1	ERR753371_chr5
51	1	ERR753371_chr5
53	1	ERR753371_chr5
54	2	ERR753371_chr5
56	4	ERR753371_chr5
57	3	ERR753371_chr5
62	1	ERR753371_chr5
64	1	ERR753371_chr5
66	1	ERR753371_chr5
68	3	ERR753371_chr5
70	4	ERR753371_chr5
76	5	ERR753371_chr5
77	4	ERR753371_chr5
78	1	ERR753371_chr5
80	4	ERR753371_chr5
81	1	ERR753371_chr5
85	4	ERR753371_chr5
87	1	ERR753371_chr5
88	3	ERR753371_chr5
89	2	ERR753371_chr5
92	2	ERR753371_chr5
98	2	ERR753371_chr5
99	4	ERR753371_chr5
100	2	ERR753371_chr5
102	3	ERR753371_chr5
103	1	ERR753371_chr5
104	1	ERR753371_chr5
106	13	ERR753371_chr5
107	2	ERR753371_chr5
110	3	ERR753371_chr5
111	5	ERR753371_chr5
112	2	ERR753371_chr5
114	2	ERR753371_chr5
116	1	ERR753371_chr5
118	1	ERR753371_chr5
119	1	ERR753371_chr5
121	2	ERR753371_chr5
126	1	ERR753371_chr5
127	2	ERR753371_chr5
131	2	ERR753371_chr5
135	7	ERR753371_chr5
136	5	ERR753371_chr5
138	1	ERR753371_chr5
140	1	ERR753371_chr5
147	1	ERR753371_chr5
148	1	ERR753371_chr5
149	3	ERR753371_chr5
150	3	ERR753371_chr5
151	2	ERR753371_chr5
152	2	ERR753371_chr5
154	2	ERR753371_chr5
155	5	ERR753371_chr5
158	1	ERR753371_chr5
160	1	ERR753371_chr5
163	1	ERR753371_chr5
164	4	ERR753371_chr5
165	7	ERR753371_chr5
173	1	ERR753371_chr5
176	2	ERR753371_chr5
179	5	ERR753371_chr5
181	1	ERR753371_chr5
182	4	ERR753371_chr5
183	1	ERR753371_chr5
184	4	ERR753371_chr5
186	2	ERR753371_chr5
189	2	ERR753371_chr5
190	2	ERR753371_chr5
191	1	ERR753371_chr5
192	3	ERR753371_chr5
194	1	ERR753371_chr5
197	1	ERR753371_chr5
199	1	ERR753371_chr5
200	2	ERR753371_chr5
203	6	ERR753371_chr5
206	1	ERR753371_chr5
207	1	ERR753371_chr5
209	1	ERR753371_chr5
212	3	ERR753371_chr5
217	2	ERR753371_chr5
220	2	ERR753371_chr5
221	3	ERR753371_chr5
222	1	ERR753371_chr5
224	1	ERR753371_chr5
225	5	ERR753371_chr5
229	3	ERR753371_chr5
231	2	ERR753371_chr5
234	1	ERR753371_chr5
236	1	ERR753371_chr5
237	1	ERR753371_chr5
238	1	ERR753371_chr5
239	2	ERR753371_chr5
245	3	ERR753371_chr5
258	2	ERR753371_chr5
264	1	ERR753371_chr5
269	1	ERR753371_chr5
274	19	ERR753371_chr5
277	1	ERR753371_chr5
279	1	ERR753371_chr5
282	1	ERR753371_chr5
283	1	ERR753371_chr5
288	1	ERR753371_chr5
294	1	ERR753371_chr5
297	2	ERR753371_chr5
299	3	ERR753371_chr5
300	1	ERR753371_chr5
301	2	ERR753371_chr5
304	1	ERR753371_chr5
305	1	ERR753371_chr5
306	1	ERR753371_chr5
307	2	ERR753371_chr5
311	2	ERR753371_chr5
313	1	ERR753371_chr5
315	5	ERR753371_chr5
317	1	ERR753371_chr5
318	2	ERR753371_chr5
321	2	ERR753371_chr5
325	1	ERR753371_chr5
331	1	ERR753371_chr5
335	1	ERR753371_chr5
336	1	ERR753371_chr5
344	1	ERR753371_chr5
349	3	ERR753371_chr5
353	1	ERR753371_chr5
358	3	ERR753371_chr5
359	2	ERR753371_chr5
369	1	ERR753371_chr5
370	2	ERR753371_chr5
371	2	ERR753371_chr5
372	1	ERR753371_chr5
373	1	ERR753371_chr5
374	2	ERR753371_chr5
378	1	ERR753371_chr5
380	2	ERR753371_chr5
384	1	ERR753371_chr5
389	5	ERR753371_chr5
391	1	ERR753371_chr5
394	1	ERR753371_chr5
395	1	ERR753371_chr5
397	1	ERR753371_chr5
406	2	ERR753371_chr5
410	3	ERR753371_chr5
412	1	ERR753371_chr5
421	1	ERR753371_chr5
422	1	ERR753371_chr5
426	1	ERR753371_chr5
428	1	ERR753371_chr5
431	1	ERR753371_chr5
438	1	ERR753371_chr5
439	2	ERR753371_chr5
448	3	ERR753371_chr5
449	1	ERR753371_chr5
453	2	ERR753371_chr5
454	3	ERR753371_chr5
456	1	ERR753371_chr5
458	1	ERR753371_chr5
465	1	ERR753371_chr5
468	1	ERR753371_chr5
474	1	ERR753371_chr5
475	1	ERR753371_chr5
477	1	ERR753371_chr5
480	1	ERR753371_chr5
482	1	ERR753371_chr5
489	1	ERR753371_chr5
491	4	ERR753371_chr5
496	1	ERR753371_chr5
497	1	ERR753371_chr5
498	1	ERR753371_chr5
499	4	ERR753371_chr5
500	1	ERR753371_chr5
503	1	ERR753371_chr5
505	1	ERR753371_chr5
509	3	ERR753371_chr5
514	1	ERR753371_chr5
520	1	ERR753371_chr5
521	1	ERR753371_chr5
522	1	ERR753371_chr5
523	1	ERR753371_chr5
524	1	ERR753371_chr5
526	1	ERR753371_chr5
527	1	ERR753371_chr5
529	5	ERR753371_chr5
532	1	ERR753371_chr5
534	1	ERR753371_chr5
535	1	ERR753371_chr5
536	1	ERR753371_chr5
537	1	ERR753371_chr5
541	1	ERR753371_chr5
547	1	ERR753371_chr5
552	1	ERR753371_chr5
553	4	ERR753371_chr5
554	3	ERR753371_chr5
555	1	ERR753371_chr5
556	2	ERR753371_chr5
559	3	ERR753371_chr5
560	1	ERR753371_chr5
567	2	ERR753371_chr5
570	1	ERR753371_chr5
571	1	ERR753371_chr5
574	1	ERR753371_chr5
579	1	ERR753371_chr5
580	2	ERR753371_chr5
582	2	ERR753371_chr5
583	5	ERR753371_chr5
584	1	ERR753371_chr5
591	1	ERR753371_chr5
594	1	ERR753371_chr5
595	1	ERR753371_chr5
596	1	ERR753371_chr5
597	1	ERR753371_chr5
598	4	ERR753371_chr5
600	2	ERR753371_chr5
602	1	ERR753371_chr5
603	1	ERR753371_chr5
611	2	ERR753371_chr5
620	1	ERR753371_chr5
621	1	ERR753371_chr5
625	1	ERR753371_chr5
629	1	ERR753371_chr5
635	3	ERR753371_chr5
648	1	ERR753371_chr5
659	1	ERR753371_chr5
665	1	ERR753371_chr5
666	1	ERR753371_chr5
672	2	ERR753371_chr5
674	4	ERR753371_chr5
678	1	ERR753371_chr5
680	2	ERR753371_chr5
684	1	ERR753371_chr5
685	1	ERR753371_chr5
687	1	ERR753371_chr5
689	2	ERR753371_chr5
697	1	ERR753371_chr5
698	2	ERR753371_chr5
702	2	ERR753371_chr5
705	2	ERR753371_chr5
709	2	ERR753371_chr5
714	2	ERR753371_chr5
718	1	ERR753371_chr5
721	2	ERR753371_chr5
724	1	ERR753371_chr5
725	2	ERR753371_chr5
727	2	ERR753371_chr5
728	1	ERR753371_chr5
730	2	ERR753371_chr5
763	1	ERR753371_chr5
764	1	ERR753371_chr5
767	3	ERR753371_chr5
778	1	ERR753371_chr5
806	1	ERR753371_chr5
814	1	ERR753371_chr5
897	1	ERR753371_chr5
899	2	ERR753371_chr5
904	2	ERR753371_chr5
905	1	ERR753371_chr5
906	1	ERR753371_chr5
929	2	ERR753371_chr5
934	2	ERR753371_chr5
936	1	ERR753371_chr5
939	1	ERR753371_chr5
949	2	ERR753371_chr5
961	1	ERR753371_chr5
980	1	ERR753371_chr5
989	1	ERR753371_chr5
1002	2	ERR753371_chr5
1003	1	ERR753371_chr5
1007	1	ERR753371_chr5
1033	2	ERR753371_chr5
1034	2	ERR753371_chr5
1042	2	ERR753371_chr5
1045	1	ERR753371_chr5
1048	1	ERR753371_chr5
1049	1	ERR753371_chr5
1055	3	ERR753371_chr5
1058	2	ERR753371_chr5
1061	1	ERR753371_chr5
1076	1	ERR753371_chr5
1084	1	ERR753371_chr5
1087	1	ERR753371_chr5
1088	2	ERR753371_chr5
1093	1	ERR753371_chr5
1094	2	ERR753371_chr5
1114	1	ERR753371_chr5
1118	1	ERR753371_chr5
1127	1	ERR753371_chr5
1172	2	ERR753371_chr5
1177	1	ERR753371_chr5
1180	1	ERR753371_chr5
1198	1	ERR753371_chr5
1244	1	ERR753371_chr5
1254	1	ERR753371_chr5
1264	1	ERR753371_chr5
1295	1	ERR753371_chr5
1314	1	ERR753371_chr5
1327	1	ERR753371_chr5
1347	1	ERR753371_chr5
1380	1	ERR753371_chr5
1441	1	ERR753371_chr5
1442	1	ERR753371_chr5
1446	1	ERR753371_chr5
1452	1	ERR753371_chr5
1460	2	ERR753371_chr5
1465	1	ERR753371_chr5
1469	1	ERR753371_chr5
1476	2	ERR753371_chr5
1487	1	ERR753371_chr5
1492	1	ERR753371_chr5
1516	1	ERR753371_chr5
1540	1	ERR753371_chr5
1559	1	ERR753371_chr5
1572	1	ERR753371_chr5
1640	5	ERR753371_chr5
1662	1	ERR753371_chr5
1663	1	ERR753371_chr5
1669	1	ERR753371_chr5
1674	1	ERR753371_chr5
1681	1	ERR753371_chr5
1725	1	ERR753371_chr5
1745	1	ERR753371_chr5
1819	1	ERR753371_chr5
1936	1	ERR753371_chr5
1951	1	ERR753371_chr5
1986	4	ERR753371_chr5
1987	1	ERR753371_chr5
2013	1	ERR753371_chr5
2154	1	ERR753371_chr5
2174	1	ERR753371_chr5
2194	1	ERR753371_chr5
2241	1	ERR753371_chr5
2277	1	ERR753371_chr5
2301	1	ERR753371_chr5
2307	1	ERR753371_chr5
2345	1	ERR753371_chr5
2358	1	ERR753371_chr5
2584	1	ERR753371_chr5
3294	1	ERR753371_chr5
3309	1	ERR753371_chr5
3471	1	ERR753371_chr5
3624	1	ERR753371_chr5
3776	1	ERR753371_chr5
3791	1	ERR753371_chr5
3867	1	ERR753371_chr5
3894	1	ERR753371_chr5
4435	1	ERR753371_chr5
4438	1	ERR753371_chr5
4450	1	ERR753371_chr5
4453	1	ERR753371_chr5
5344	1	ERR753371_chr5
5427	1	ERR753371_chr5
5876	1	ERR753371_chr5
1	9	ERR753372_chr5
3	3	ERR753372_chr5
4	6	ERR753372_chr5
5	2	ERR753372_chr5
6	2	ERR753372_chr5
7	1	ERR753372_chr5
8	1	ERR753372_chr5
9	3	ERR753372_chr5
11	2	ERR753372_chr5
12	3	ERR753372_chr5
13	1	ERR753372_chr5
15	1	ERR753372_chr5
16	18	ERR753372_chr5
17	3	ERR753372_chr5
18	1	ERR753372_chr5
20	9	ERR753372_chr5
21	1	ERR753372_chr5
22	22	ERR753372_chr5
23	3	ERR753372_chr5
24	8	ERR753372_chr5
25	2	ERR753372_chr5
26	4	ERR753372_chr5
27	1	ERR753372_chr5
28	3	ERR753372_chr5
30	2	ERR753372_chr5
31	1	ERR753372_chr5
32	1	ERR753372_chr5
33	20	ERR753372_chr5
34	2	ERR753372_chr5
35	4	ERR753372_chr5
36	7	ERR753372_chr5
37	5	ERR753372_chr5
38	2	ERR753372_chr5
39	3	ERR753372_chr5
40	4	ERR753372_chr5
41	4	ERR753372_chr5
42	19	ERR753372_chr5
43	3	ERR753372_chr5
44	5	ERR753372_chr5
45	3	ERR753372_chr5
46	1	ERR753372_chr5
48	5	ERR753372_chr5
49	2	ERR753372_chr5
51	4	ERR753372_chr5
52	5	ERR753372_chr5
53	1	ERR753372_chr5
54	11	ERR753372_chr5
56	4	ERR753372_chr5
57	4	ERR753372_chr5
58	5	ERR753372_chr5
59	8	ERR753372_chr5
61	4	ERR753372_chr5
62	4	ERR753372_chr5
64	19	ERR753372_chr5
65	3	ERR753372_chr5
66	6	ERR753372_chr5
67	2	ERR753372_chr5
68	11	ERR753372_chr5
69	7	ERR753372_chr5
70	4	ERR753372_chr5
73	2	ERR753372_chr5
74	1	ERR753372_chr5
75	7	ERR753372_chr5
76	14	ERR753372_chr5
77	6	ERR753372_chr5
78	3	ERR753372_chr5
79	4	ERR753372_chr5
80	4	ERR753372_chr5
81	1	ERR753372_chr5
83	1	ERR753372_chr5
85	4	ERR753372_chr5
87	4	ERR753372_chr5
88	4	ERR753372_chr5
89	3	ERR753372_chr5
90	2	ERR753372_chr5
92	4	ERR753372_chr5
93	1	ERR753372_chr5
95	1	ERR753372_chr5
96	3	ERR753372_chr5
97	7	ERR753372_chr5
98	2	ERR753372_chr5
99	7	ERR753372_chr5
100	2	ERR753372_chr5
102	5	ERR753372_chr5
104	6	ERR753372_chr5
106	2	ERR753372_chr5
107	8	ERR753372_chr5
110	3	ERR753372_chr5
112	2	ERR753372_chr5
113	2	ERR753372_chr5
115	1	ERR753372_chr5
116	9	ERR753372_chr5
117	1	ERR753372_chr5
118	1	ERR753372_chr5
119	7	ERR753372_chr5
120	2	ERR753372_chr5
121	6	ERR753372_chr5
122	9	ERR753372_chr5
124	3	ERR753372_chr5
126	2	ERR753372_chr5
127	6	ERR753372_chr5
128	2	ERR753372_chr5
129	2	ERR753372_chr5
131	2	ERR753372_chr5
133	2	ERR753372_chr5
135	8	ERR753372_chr5
136	6	ERR753372_chr5
138	4	ERR753372_chr5
139	4	ERR753372_chr5
140	10	ERR753372_chr5
142	2	ERR753372_chr5
144	4	ERR753372_chr5
146	2	ERR753372_chr5
147	3	ERR753372_chr5
148	2	ERR753372_chr5
149	7	ERR753372_chr5
150	6	ERR753372_chr5
151	5	ERR753372_chr5
152	6	ERR753372_chr5
153	6	ERR753372_chr5
154	4	ERR753372_chr5
155	2	ERR753372_chr5
156	4	ERR753372_chr5
157	1	ERR753372_chr5
158	1	ERR753372_chr5
159	1	ERR753372_chr5
161	3	ERR753372_chr5
162	1	ERR753372_chr5
163	2	ERR753372_chr5
164	8	ERR753372_chr5
166	2	ERR753372_chr5
167	3	ERR753372_chr5
169	4	ERR753372_chr5
170	2	ERR753372_chr5
171	1	ERR753372_chr5
173	3	ERR753372_chr5
175	4	ERR753372_chr5
176	7	ERR753372_chr5
178	1	ERR753372_chr5
179	6	ERR753372_chr5
180	2	ERR753372_chr5
181	5	ERR753372_chr5
182	9	ERR753372_chr5
183	4	ERR753372_chr5
184	5	ERR753372_chr5
185	8	ERR753372_chr5
186	10	ERR753372_chr5
188	4	ERR753372_chr5
189	1	ERR753372_chr5
191	1	ERR753372_chr5
192	4	ERR753372_chr5
193	3	ERR753372_chr5
195	1	ERR753372_chr5
197	2	ERR753372_chr5
199	3	ERR753372_chr5
200	3	ERR753372_chr5
201	4	ERR753372_chr5
202	1	ERR753372_chr5
203	9	ERR753372_chr5
204	3	ERR753372_chr5
206	1	ERR753372_chr5
207	7	ERR753372_chr5
208	6	ERR753372_chr5
210	1	ERR753372_chr5
212	6	ERR753372_chr5
214	2	ERR753372_chr5
215	7	ERR753372_chr5
216	5	ERR753372_chr5
217	4	ERR753372_chr5
218	7	ERR753372_chr5
219	1	ERR753372_chr5
220	4	ERR753372_chr5
221	4	ERR753372_chr5
222	1	ERR753372_chr5
223	3	ERR753372_chr5
224	1	ERR753372_chr5
225	5	ERR753372_chr5
226	1	ERR753372_chr5
227	2	ERR753372_chr5
228	2	ERR753372_chr5
229	4	ERR753372_chr5
230	2	ERR753372_chr5
231	5	ERR753372_chr5
232	8	ERR753372_chr5
233	11	ERR753372_chr5
234	7	ERR753372_chr5
235	1	ERR753372_chr5
236	1	ERR753372_chr5
237	2	ERR753372_chr5
238	2	ERR753372_chr5
239	5	ERR753372_chr5
240	2	ERR753372_chr5
242	4	ERR753372_chr5
243	1	ERR753372_chr5
244	1	ERR753372_chr5
245	3	ERR753372_chr5
246	3	ERR753372_chr5
247	6	ERR753372_chr5
248	1	ERR753372_chr5
249	2	ERR753372_chr5
250	2	ERR753372_chr5
251	2	ERR753372_chr5
253	5	ERR753372_chr5
255	3	ERR753372_chr5
256	1	ERR753372_chr5
257	4	ERR753372_chr5
259	2	ERR753372_chr5
261	2	ERR753372_chr5
262	8	ERR753372_chr5
263	1	ERR753372_chr5
265	4	ERR753372_chr5
266	1	ERR753372_chr5
267	6	ERR753372_chr5
268	2	ERR753372_chr5
269	3	ERR753372_chr5
271	1	ERR753372_chr5
272	10	ERR753372_chr5
274	5	ERR753372_chr5
275	4	ERR753372_chr5
277	6	ERR753372_chr5
278	1	ERR753372_chr5
279	1	ERR753372_chr5
282	10	ERR753372_chr5
283	3	ERR753372_chr5
284	6	ERR753372_chr5
285	1	ERR753372_chr5
287	7	ERR753372_chr5
288	1	ERR753372_chr5
292	2	ERR753372_chr5
294	2	ERR753372_chr5
295	2	ERR753372_chr5
297	6	ERR753372_chr5
298	1	ERR753372_chr5
300	2	ERR753372_chr5
301	3	ERR753372_chr5
302	1	ERR753372_chr5
303	1	ERR753372_chr5
304	1	ERR753372_chr5
307	2	ERR753372_chr5
309	6	ERR753372_chr5
311	2	ERR753372_chr5
314	1	ERR753372_chr5
315	5	ERR753372_chr5
316	6	ERR753372_chr5
317	1	ERR753372_chr5
318	2	ERR753372_chr5
319	1	ERR753372_chr5
321	2	ERR753372_chr5
322	3	ERR753372_chr5
323	1	ERR753372_chr5
324	3	ERR753372_chr5
325	3	ERR753372_chr5
327	3	ERR753372_chr5
329	2	ERR753372_chr5
330	2	ERR753372_chr5
331	4	ERR753372_chr5
335	5	ERR753372_chr5
336	3	ERR753372_chr5
339	1	ERR753372_chr5
341	1	ERR753372_chr5
342	2	ERR753372_chr5
344	4	ERR753372_chr5
345	2	ERR753372_chr5
346	3	ERR753372_chr5
347	1	ERR753372_chr5
348	3	ERR753372_chr5
349	4	ERR753372_chr5
350	1	ERR753372_chr5
351	1	ERR753372_chr5
353	1	ERR753372_chr5
355	4	ERR753372_chr5
356	2	ERR753372_chr5
357	1	ERR753372_chr5
358	4	ERR753372_chr5
359	2	ERR753372_chr5
360	2	ERR753372_chr5
364	1	ERR753372_chr5
368	3	ERR753372_chr5
370	3	ERR753372_chr5
371	3	ERR753372_chr5
372	1	ERR753372_chr5
374	4	ERR753372_chr5
377	4	ERR753372_chr5
378	2	ERR753372_chr5
379	1	ERR753372_chr5
382	1	ERR753372_chr5
384	2	ERR753372_chr5
385	2	ERR753372_chr5
386	2	ERR753372_chr5
387	1	ERR753372_chr5
389	5	ERR753372_chr5
391	1	ERR753372_chr5
392	3	ERR753372_chr5
393	1	ERR753372_chr5
395	1	ERR753372_chr5
396	3	ERR753372_chr5
397	7	ERR753372_chr5
398	3	ERR753372_chr5
399	1	ERR753372_chr5
400	1	ERR753372_chr5
401	2	ERR753372_chr5
402	3	ERR753372_chr5
403	4	ERR753372_chr5
404	3	ERR753372_chr5
405	1	ERR753372_chr5
406	2	ERR753372_chr5
408	2	ERR753372_chr5
410	3	ERR753372_chr5
412	1	ERR753372_chr5
415	3	ERR753372_chr5
417	2	ERR753372_chr5
418	1	ERR753372_chr5
419	1	ERR753372_chr5
420	5	ERR753372_chr5
421	3	ERR753372_chr5
422	1	ERR753372_chr5
423	2	ERR753372_chr5
424	3	ERR753372_chr5
426	1	ERR753372_chr5
428	5	ERR753372_chr5
429	3	ERR753372_chr5
431	6	ERR753372_chr5
432	3	ERR753372_chr5
433	4	ERR753372_chr5
435	8	ERR753372_chr5
438	4	ERR753372_chr5
439	4	ERR753372_chr5
440	1	ERR753372_chr5
442	1	ERR753372_chr5
443	2	ERR753372_chr5
444	1	ERR753372_chr5
448	5	ERR753372_chr5
453	1	ERR753372_chr5
454	4	ERR753372_chr5
455	2	ERR753372_chr5
456	2	ERR753372_chr5
457	3	ERR753372_chr5
459	3	ERR753372_chr5
461	1	ERR753372_chr5
463	5	ERR753372_chr5
465	1	ERR753372_chr5
468	1	ERR753372_chr5
469	1	ERR753372_chr5
470	3	ERR753372_chr5
474	3	ERR753372_chr5
475	1	ERR753372_chr5
476	2	ERR753372_chr5
477	2	ERR753372_chr5
478	1	ERR753372_chr5
481	1	ERR753372_chr5
482	1	ERR753372_chr5
483	2	ERR753372_chr5
484	2	ERR753372_chr5
485	1	ERR753372_chr5
488	1	ERR753372_chr5
490	1	ERR753372_chr5
491	2	ERR753372_chr5
492	1	ERR753372_chr5
494	3	ERR753372_chr5
496	2	ERR753372_chr5
497	1	ERR753372_chr5
498	4	ERR753372_chr5
499	1	ERR753372_chr5
500	2	ERR753372_chr5
503	3	ERR753372_chr5
504	1	ERR753372_chr5
505	2	ERR753372_chr5
508	1	ERR753372_chr5
509	2	ERR753372_chr5
510	9	ERR753372_chr5
511	1	ERR753372_chr5
512	2	ERR753372_chr5
514	2	ERR753372_chr5
519	3	ERR753372_chr5
520	1	ERR753372_chr5
522	2	ERR753372_chr5
523	3	ERR753372_chr5
524	1	ERR753372_chr5
525	3	ERR753372_chr5
526	1	ERR753372_chr5
527	1	ERR753372_chr5
529	8	ERR753372_chr5
530	1	ERR753372_chr5
532	3	ERR753372_chr5
534	1	ERR753372_chr5
535	1	ERR753372_chr5
536	4	ERR753372_chr5
540	2	ERR753372_chr5
541	1	ERR753372_chr5
544	6	ERR753372_chr5
545	1	ERR753372_chr5
546	1	ERR753372_chr5
547	1	ERR753372_chr5
550	1	ERR753372_chr5
551	1	ERR753372_chr5
553	5	ERR753372_chr5
554	2	ERR753372_chr5
555	1	ERR753372_chr5
556	1	ERR753372_chr5
559	3	ERR753372_chr5
560	6	ERR753372_chr5
562	2	ERR753372_chr5
563	1	ERR753372_chr5
566	1	ERR753372_chr5
567	2	ERR753372_chr5
570	1	ERR753372_chr5
571	3	ERR753372_chr5
574	2	ERR753372_chr5
575	1	ERR753372_chr5
576	1	ERR753372_chr5
579	1	ERR753372_chr5
580	1	ERR753372_chr5
582	2	ERR753372_chr5
583	1	ERR753372_chr5
584	1	ERR753372_chr5
585	18	ERR753372_chr5
586	1	ERR753372_chr5
587	8	ERR753372_chr5
591	1	ERR753372_chr5
592	6	ERR753372_chr5
594	1	ERR753372_chr5
596	1	ERR753372_chr5
597	3	ERR753372_chr5
598	4	ERR753372_chr5
599	1	ERR753372_chr5
600	2	ERR753372_chr5
601	1	ERR753372_chr5
602	1	ERR753372_chr5
603	1	ERR753372_chr5
609	1	ERR753372_chr5
611	1	ERR753372_chr5
618	2	ERR753372_chr5
620	1	ERR753372_chr5
621	1	ERR753372_chr5
623	2	ERR753372_chr5
625	1	ERR753372_chr5
626	2	ERR753372_chr5
627	2	ERR753372_chr5
628	1	ERR753372_chr5
629	1	ERR753372_chr5
630	1	ERR753372_chr5
635	3	ERR753372_chr5
636	3	ERR753372_chr5
637	2	ERR753372_chr5
644	1	ERR753372_chr5
645	1	ERR753372_chr5
648	1	ERR753372_chr5
650	1	ERR753372_chr5
657	1	ERR753372_chr5
665	1	ERR753372_chr5
666	1	ERR753372_chr5
668	1	ERR753372_chr5
669	1	ERR753372_chr5
671	1	ERR753372_chr5
674	1	ERR753372_chr5
677	2	ERR753372_chr5
678	1	ERR753372_chr5
680	2	ERR753372_chr5
681	1	ERR753372_chr5
682	1	ERR753372_chr5
683	1	ERR753372_chr5
684	1	ERR753372_chr5
686	1	ERR753372_chr5
689	3	ERR753372_chr5
691	2	ERR753372_chr5
692	1	ERR753372_chr5
697	1	ERR753372_chr5
698	3	ERR753372_chr5
702	3	ERR753372_chr5
705	2	ERR753372_chr5
708	1	ERR753372_chr5
709	2	ERR753372_chr5
710	2	ERR753372_chr5
711	4	ERR753372_chr5
712	3	ERR753372_chr5
714	2	ERR753372_chr5
721	2	ERR753372_chr5
722	3	ERR753372_chr5
724	1	ERR753372_chr5
726	1	ERR753372_chr5
728	1	ERR753372_chr5
732	3	ERR753372_chr5
734	1	ERR753372_chr5
736	1	ERR753372_chr5
739	1	ERR753372_chr5
743	2	ERR753372_chr5
751	1	ERR753372_chr5
758	2	ERR753372_chr5
759	2	ERR753372_chr5
761	5	ERR753372_chr5
763	1	ERR753372_chr5
764	1	ERR753372_chr5
766	1	ERR753372_chr5
767	1	ERR753372_chr5
772	2	ERR753372_chr5
778	1	ERR753372_chr5
785	1	ERR753372_chr5
786	3	ERR753372_chr5
790	1	ERR753372_chr5
796	2	ERR753372_chr5
798	1	ERR753372_chr5
799	1	ERR753372_chr5
804	3	ERR753372_chr5
806	1	ERR753372_chr5
814	3	ERR753372_chr5
816	1	ERR753372_chr5
821	1	ERR753372_chr5
826	1	ERR753372_chr5
834	1	ERR753372_chr5
837	2	ERR753372_chr5
844	3	ERR753372_chr5
846	1	ERR753372_chr5
848	3	ERR753372_chr5
851	2	ERR753372_chr5
853	2	ERR753372_chr5
854	1	ERR753372_chr5
856	1	ERR753372_chr5
871	1	ERR753372_chr5
877	1	ERR753372_chr5
879	3	ERR753372_chr5
881	1	ERR753372_chr5
884	1	ERR753372_chr5
890	3	ERR753372_chr5
893	1	ERR753372_chr5
897	2	ERR753372_chr5
898	1	ERR753372_chr5
899	2	ERR753372_chr5
900	1	ERR753372_chr5
901	1	ERR753372_chr5
904	2	ERR753372_chr5
905	1	ERR753372_chr5
906	1	ERR753372_chr5
909	1	ERR753372_chr5
916	2	ERR753372_chr5
923	1	ERR753372_chr5
929	2	ERR753372_chr5
932	1	ERR753372_chr5
934	2	ERR753372_chr5
939	1	ERR753372_chr5
942	3	ERR753372_chr5
949	3	ERR753372_chr5
980	1	ERR753372_chr5
989	1	ERR753372_chr5
999	1	ERR753372_chr5
1003	1	ERR753372_chr5
1004	1	ERR753372_chr5
1006	1	ERR753372_chr5
1007	1	ERR753372_chr5
1019	1	ERR753372_chr5
1025	1	ERR753372_chr5
1027	1	ERR753372_chr5
1033	1	ERR753372_chr5
1039	2	ERR753372_chr5
1040	1	ERR753372_chr5
1042	1	ERR753372_chr5
1044	1	ERR753372_chr5
1045	1	ERR753372_chr5
1055	3	ERR753372_chr5
1057	1	ERR753372_chr5
1058	2	ERR753372_chr5
1064	1	ERR753372_chr5
1065	2	ERR753372_chr5
1071	1	ERR753372_chr5
1076	1	ERR753372_chr5
1084	2	ERR753372_chr5
1086	1	ERR753372_chr5
1092	1	ERR753372_chr5
1094	2	ERR753372_chr5
1102	1	ERR753372_chr5
1114	1	ERR753372_chr5
1118	1	ERR753372_chr5
1119	1	ERR753372_chr5
1127	1	ERR753372_chr5
1131	1	ERR753372_chr5
1159	1	ERR753372_chr5
1163	1	ERR753372_chr5
1172	2	ERR753372_chr5
1177	2	ERR753372_chr5
1180	1	ERR753372_chr5
1181	1	ERR753372_chr5
1198	1	ERR753372_chr5
1228	1	ERR753372_chr5
1244	1	ERR753372_chr5
1253	1	ERR753372_chr5
1254	1	ERR753372_chr5
1264	1	ERR753372_chr5
1274	1	ERR753372_chr5
1289	1	ERR753372_chr5
1295	1	ERR753372_chr5
1296	1	ERR753372_chr5
1314	1	ERR753372_chr5
1324	1	ERR753372_chr5
1327	1	ERR753372_chr5
1347	1	ERR753372_chr5
1380	1	ERR753372_chr5
1416	1	ERR753372_chr5
1430	1	ERR753372_chr5
1432	1	ERR753372_chr5
1433	1	ERR753372_chr5
1435	1	ERR753372_chr5
1441	1	ERR753372_chr5
1445	1	ERR753372_chr5
1446	1	ERR753372_chr5
1452	1	ERR753372_chr5
1460	2	ERR753372_chr5
1465	2	ERR753372_chr5
1473	2	ERR753372_chr5
1478	1	ERR753372_chr5
1487	1	ERR753372_chr5
1492	1	ERR753372_chr5
1493	2	ERR753372_chr5
1516	1	ERR753372_chr5
1540	1	ERR753372_chr5
1553	1	ERR753372_chr5
1559	1	ERR753372_chr5
1566	1	ERR753372_chr5
1572	1	ERR753372_chr5
1623	1	ERR753372_chr5
1624	1	ERR753372_chr5
1640	5	ERR753372_chr5
1641	1	ERR753372_chr5
1662	1	ERR753372_chr5
1669	1	ERR753372_chr5
1678	2	ERR753372_chr5
1700	2	ERR753372_chr5
1725	1	ERR753372_chr5
1745	1	ERR753372_chr5
1756	2	ERR753372_chr5
1819	1	ERR753372_chr5
1848	1	ERR753372_chr5
1936	1	ERR753372_chr5
1950	1	ERR753372_chr5
1960	2	ERR753372_chr5
1973	1	ERR753372_chr5
1986	4	ERR753372_chr5
2039	2	ERR753372_chr5
2067	2	ERR753372_chr5
2154	1	ERR753372_chr5
2174	1	ERR753372_chr5
2197	1	ERR753372_chr5
2241	1	ERR753372_chr5
2277	1	ERR753372_chr5
2301	1	ERR753372_chr5
2302	1	ERR753372_chr5
2307	2	ERR753372_chr5
2317	1	ERR753372_chr5
2363	1	ERR753372_chr5
2405	1	ERR753372_chr5
2428	1	ERR753372_chr5
2441	1	ERR753372_chr5
2481	1	ERR753372_chr5
2496	1	ERR753372_chr5
2531	2	ERR753372_chr5
2602	1	ERR753372_chr5
2847	1	ERR753372_chr5
2862	1	ERR753372_chr5
2937	1	ERR753372_chr5
3294	1	ERR753372_chr5
3365	1	ERR753372_chr5
3380	1	ERR753372_chr5
3476	1	ERR753372_chr5
3491	1	ERR753372_chr5
3618	1	ERR753372_chr5
3631	1	ERR753372_chr5
3681	1	ERR753372_chr5
3776	1	ERR753372_chr5
3791	1	ERR753372_chr5
3966	1	ERR753372_chr5
4169	1	ERR753372_chr5
4435	1	ERR753372_chr5
4438	1	ERR753372_chr5
4450	1	ERR753372_chr5
4453	1	ERR753372_chr5
5344	1	ERR753372_chr5
5427	1	ERR753372_chr5
6	4	ERR753373_chr5
7	1	ERR753373_chr5
8	1	ERR753373_chr5
9	1	ERR753373_chr5
11	4	ERR753373_chr5
13	1	ERR753373_chr5
15	1	ERR753373_chr5
16	17	ERR753373_chr5
17	2	ERR753373_chr5
28	1	ERR753373_chr5
30	1	ERR753373_chr5
34	1	ERR753373_chr5
36	5	ERR753373_chr5
37	1	ERR753373_chr5
38	4	ERR753373_chr5
39	2	ERR753373_chr5
40	2	ERR753373_chr5
45	1	ERR753373_chr5
49	1	ERR753373_chr5
51	2	ERR753373_chr5
53	1	ERR753373_chr5
54	2	ERR753373_chr5
55	1	ERR753373_chr5
56	4	ERR753373_chr5
57	1	ERR753373_chr5
58	2	ERR753373_chr5
60	1	ERR753373_chr5
65	2	ERR753373_chr5
66	5	ERR753373_chr5
67	2	ERR753373_chr5
68	2	ERR753373_chr5
69	4	ERR753373_chr5
70	9	ERR753373_chr5
76	5	ERR753373_chr5
77	4	ERR753373_chr5
78	1	ERR753373_chr5
79	1	ERR753373_chr5
80	4	ERR753373_chr5
81	1	ERR753373_chr5
85	9	ERR753373_chr5
87	2	ERR753373_chr5
89	1	ERR753373_chr5
97	4	ERR753373_chr5
100	6	ERR753373_chr5
101	3	ERR753373_chr5
102	3	ERR753373_chr5
104	2	ERR753373_chr5
106	1	ERR753373_chr5
107	2	ERR753373_chr5
108	1	ERR753373_chr5
110	1	ERR753373_chr5
111	5	ERR753373_chr5
114	2	ERR753373_chr5
115	1	ERR753373_chr5
118	3	ERR753373_chr5
119	5	ERR753373_chr5
121	5	ERR753373_chr5
127	1	ERR753373_chr5
131	2	ERR753373_chr5
135	5	ERR753373_chr5
138	1	ERR753373_chr5
140	5	ERR753373_chr5
148	2	ERR753373_chr5
149	4	ERR753373_chr5
150	3	ERR753373_chr5
151	2	ERR753373_chr5
152	2	ERR753373_chr5
155	2	ERR753373_chr5
158	2	ERR753373_chr5
159	5	ERR753373_chr5
160	2	ERR753373_chr5
162	4	ERR753373_chr5
165	7	ERR753373_chr5
169	3	ERR753373_chr5
170	2	ERR753373_chr5
171	1	ERR753373_chr5
173	1	ERR753373_chr5
176	2	ERR753373_chr5
179	5	ERR753373_chr5
180	1	ERR753373_chr5
182	4	ERR753373_chr5
189	21	ERR753373_chr5
191	1	ERR753373_chr5
194	1	ERR753373_chr5
197	1	ERR753373_chr5
198	1	ERR753373_chr5
199	1	ERR753373_chr5
201	1	ERR753373_chr5
203	9	ERR753373_chr5
206	1	ERR753373_chr5
207	5	ERR753373_chr5
209	2	ERR753373_chr5
212	3	ERR753373_chr5
214	1	ERR753373_chr5
216	7	ERR753373_chr5
222	1	ERR753373_chr5
223	1	ERR753373_chr5
226	1	ERR753373_chr5
228	2	ERR753373_chr5
229	2	ERR753373_chr5
231	3	ERR753373_chr5
233	2	ERR753373_chr5
236	1	ERR753373_chr5
238	1	ERR753373_chr5
242	1	ERR753373_chr5
247	3	ERR753373_chr5
258	1	ERR753373_chr5
263	1	ERR753373_chr5
264	1	ERR753373_chr5
271	2	ERR753373_chr5
272	2	ERR753373_chr5
274	20	ERR753373_chr5
282	3	ERR753373_chr5
283	1	ERR753373_chr5
288	1	ERR753373_chr5
301	1	ERR753373_chr5
304	1	ERR753373_chr5
305	1	ERR753373_chr5
306	2	ERR753373_chr5
307	1	ERR753373_chr5
313	1	ERR753373_chr5
316	4	ERR753373_chr5
317	1	ERR753373_chr5
324	1	ERR753373_chr5
329	1	ERR753373_chr5
336	1	ERR753373_chr5
344	3	ERR753373_chr5
349	1	ERR753373_chr5
351	1	ERR753373_chr5
353	1	ERR753373_chr5
359	2	ERR753373_chr5
360	2	ERR753373_chr5
366	1	ERR753373_chr5
369	1	ERR753373_chr5
372	1	ERR753373_chr5
373	1	ERR753373_chr5
374	3	ERR753373_chr5
379	1	ERR753373_chr5
380	1	ERR753373_chr5
382	1	ERR753373_chr5
384	1	ERR753373_chr5
388	1	ERR753373_chr5
389	5	ERR753373_chr5
391	1	ERR753373_chr5
394	1	ERR753373_chr5
395	1	ERR753373_chr5
397	1	ERR753373_chr5
401	1	ERR753373_chr5
404	2	ERR753373_chr5
405	1	ERR753373_chr5
406	1	ERR753373_chr5
410	2	ERR753373_chr5
419	1	ERR753373_chr5
421	1	ERR753373_chr5
431	1	ERR753373_chr5
435	1	ERR753373_chr5
448	2	ERR753373_chr5
453	2	ERR753373_chr5
456	1	ERR753373_chr5
461	1	ERR753373_chr5
468	1	ERR753373_chr5
474	1	ERR753373_chr5
475	1	ERR753373_chr5
477	1	ERR753373_chr5
482	3	ERR753373_chr5
485	1	ERR753373_chr5
486	3	ERR753373_chr5
496	1	ERR753373_chr5
497	1	ERR753373_chr5
498	1	ERR753373_chr5
499	1	ERR753373_chr5
500	1	ERR753373_chr5
505	1	ERR753373_chr5
507	2	ERR753373_chr5
521	1	ERR753373_chr5
522	1	ERR753373_chr5
523	1	ERR753373_chr5
524	1	ERR753373_chr5
526	1	ERR753373_chr5
527	2	ERR753373_chr5
529	3	ERR753373_chr5
532	2	ERR753373_chr5
534	2	ERR753373_chr5
536	2	ERR753373_chr5
537	1	ERR753373_chr5
538	1	ERR753373_chr5
540	1	ERR753373_chr5
545	4	ERR753373_chr5
546	2	ERR753373_chr5
547	1	ERR753373_chr5
552	1	ERR753373_chr5
553	5	ERR753373_chr5
555	2	ERR753373_chr5
556	2	ERR753373_chr5
566	1	ERR753373_chr5
570	1	ERR753373_chr5
571	2	ERR753373_chr5
574	1	ERR753373_chr5
575	1	ERR753373_chr5
576	2	ERR753373_chr5
579	1	ERR753373_chr5
583	7	ERR753373_chr5
585	12	ERR753373_chr5
597	1	ERR753373_chr5
598	7	ERR753373_chr5
599	1	ERR753373_chr5
602	1	ERR753373_chr5
603	1	ERR753373_chr5
620	1	ERR753373_chr5
621	1	ERR753373_chr5
625	1	ERR753373_chr5
626	1	ERR753373_chr5
629	1	ERR753373_chr5
630	1	ERR753373_chr5
635	3	ERR753373_chr5
642	1	ERR753373_chr5
644	3	ERR753373_chr5
648	1	ERR753373_chr5
652	1	ERR753373_chr5
659	1	ERR753373_chr5
666	1	ERR753373_chr5
671	2	ERR753373_chr5
672	2	ERR753373_chr5
678	1	ERR753373_chr5
680	2	ERR753373_chr5
684	1	ERR753373_chr5
686	2	ERR753373_chr5
689	2	ERR753373_chr5
698	4	ERR753373_chr5
705	2	ERR753373_chr5
718	1	ERR753373_chr5
728	1	ERR753373_chr5
798	1	ERR753373_chr5
821	1	ERR753373_chr5
848	1	ERR753373_chr5
851	2	ERR753373_chr5
856	1	ERR753373_chr5
863	1	ERR753373_chr5
884	1	ERR753373_chr5
893	1	ERR753373_chr5
897	2	ERR753373_chr5
899	2	ERR753373_chr5
901	1	ERR753373_chr5
902	1	ERR753373_chr5
904	2	ERR753373_chr5
905	1	ERR753373_chr5
909	1	ERR753373_chr5
914	1	ERR753373_chr5
916	2	ERR753373_chr5
921	2	ERR753373_chr5
929	2	ERR753373_chr5
934	2	ERR753373_chr5
936	1	ERR753373_chr5
942	2	ERR753373_chr5
947	2	ERR753373_chr5
949	3	ERR753373_chr5
961	1	ERR753373_chr5
980	1	ERR753373_chr5
989	1	ERR753373_chr5
1002	2	ERR753373_chr5
1003	1	ERR753373_chr5
1024	1	ERR753373_chr5
1033	2	ERR753373_chr5
1034	2	ERR753373_chr5
1039	2	ERR753373_chr5
1042	2	ERR753373_chr5
1044	1	ERR753373_chr5
1045	1	ERR753373_chr5
1048	1	ERR753373_chr5
1055	3	ERR753373_chr5
1058	2	ERR753373_chr5
1061	1	ERR753373_chr5
1076	1	ERR753373_chr5
1087	1	ERR753373_chr5
1088	2	ERR753373_chr5
1093	1	ERR753373_chr5
1094	2	ERR753373_chr5
1172	2	ERR753373_chr5
1177	1	ERR753373_chr5
1180	1	ERR753373_chr5
1198	1	ERR753373_chr5
1244	1	ERR753373_chr5
1259	1	ERR753373_chr5
1264	1	ERR753373_chr5
1347	1	ERR753373_chr5
1425	1	ERR753373_chr5
1446	1	ERR753373_chr5
1467	1	ERR753373_chr5
1469	1	ERR753373_chr5
1487	1	ERR753373_chr5
1492	1	ERR753373_chr5
1493	2	ERR753373_chr5
1502	1	ERR753373_chr5
1503	1	ERR753373_chr5
1540	1	ERR753373_chr5
1543	1	ERR753373_chr5
1663	1	ERR753373_chr5
1664	1	ERR753373_chr5
1674	1	ERR753373_chr5
1678	2	ERR753373_chr5
1681	1	ERR753373_chr5
1745	1	ERR753373_chr5
1756	2	ERR753373_chr5
1822	2	ERR753373_chr5
1848	1	ERR753373_chr5
1927	1	ERR753373_chr5
1936	1	ERR753373_chr5
1951	1	ERR753373_chr5
1960	2	ERR753373_chr5
2194	1	ERR753373_chr5
2307	1	ERR753373_chr5
2358	1	ERR753373_chr5
2584	1	ERR753373_chr5
3294	1	ERR753373_chr5
3471	1	ERR753373_chr5
3776	1	ERR753373_chr5
3791	1	ERR753373_chr5
3894	1	ERR753373_chr5
4438	1	ERR753373_chr5
4453	1	ERR753373_chr5
5427	1	ERR753373_chr5
5876	1	ERR753373_chr5
3	1	ERR753374_chr5
13	1	ERR753374_chr5
51	1	ERR753374_chr5
53	1	ERR753374_chr5
58	2	ERR753374_chr5
65	2	ERR753374_chr5
70	4	ERR753374_chr5
76	4	ERR753374_chr5
85	4	ERR753374_chr5
100	1	ERR753374_chr5
104	1	ERR753374_chr5
106	1	ERR753374_chr5
107	2	ERR753374_chr5
118	1	ERR753374_chr5
135	5	ERR753374_chr5
148	1	ERR753374_chr5
155	1	ERR753374_chr5
157	3	ERR753374_chr5
158	2	ERR753374_chr5
160	1	ERR753374_chr5
170	1	ERR753374_chr5
179	5	ERR753374_chr5
191	1	ERR753374_chr5
194	1	ERR753374_chr5
197	1	ERR753374_chr5
199	1	ERR753374_chr5
204	1	ERR753374_chr5
206	1	ERR753374_chr5
207	5	ERR753374_chr5
222	1	ERR753374_chr5
223	1	ERR753374_chr5
229	1	ERR753374_chr5
258	1	ERR753374_chr5
279	1	ERR753374_chr5
306	1	ERR753374_chr5
344	2	ERR753374_chr5
366	1	ERR753374_chr5
369	1	ERR753374_chr5
373	1	ERR753374_chr5
374	3	ERR753374_chr5
391	1	ERR753374_chr5
401	2	ERR753374_chr5
420	3	ERR753374_chr5
453	2	ERR753374_chr5
461	1	ERR753374_chr5
482	1	ERR753374_chr5
496	1	ERR753374_chr5
498	1	ERR753374_chr5
499	1	ERR753374_chr5
500	1	ERR753374_chr5
505	1	ERR753374_chr5
519	3	ERR753374_chr5
532	1	ERR753374_chr5
534	1	ERR753374_chr5
536	2	ERR753374_chr5
540	1	ERR753374_chr5
553	4	ERR753374_chr5
555	1	ERR753374_chr5
566	1	ERR753374_chr5
583	1	ERR753374_chr5
585	12	ERR753374_chr5
587	3	ERR753374_chr5
598	3	ERR753374_chr5
603	1	ERR753374_chr5
620	1	ERR753374_chr5
635	3	ERR753374_chr5
640	2	ERR753374_chr5
648	1	ERR753374_chr5
659	1	ERR753374_chr5
672	2	ERR753374_chr5
680	2	ERR753374_chr5
689	2	ERR753374_chr5
718	1	ERR753374_chr5
728	1	ERR753374_chr5
764	1	ERR753374_chr5
798	1	ERR753374_chr5
821	1	ERR753374_chr5
848	1	ERR753374_chr5
851	1	ERR753374_chr5
863	1	ERR753374_chr5
897	1	ERR753374_chr5
899	2	ERR753374_chr5
901	1	ERR753374_chr5
904	2	ERR753374_chr5
923	1	ERR753374_chr5
929	2	ERR753374_chr5
934	2	ERR753374_chr5
1003	1	ERR753374_chr5
1033	1	ERR753374_chr5
1048	1	ERR753374_chr5
1055	3	ERR753374_chr5
1058	2	ERR753374_chr5
1093	1	ERR753374_chr5
1127	1	ERR753374_chr5
1180	1	ERR753374_chr5
1244	1	ERR753374_chr5
1264	1	ERR753374_chr5
1469	1	ERR753374_chr5
1492	1	ERR753374_chr5
1540	1	ERR753374_chr5
1572	1	ERR753374_chr5
1681	1	ERR753374_chr5
1745	1	ERR753374_chr5
1848	1	ERR753374_chr5
1951	1	ERR753374_chr5
2194	1	ERR753374_chr5
2307	1	ERR753374_chr5
2584	1	ERR753374_chr5
3294	1	ERR753374_chr5
3894	1	ERR753374_chr5
4533	1	ERR753374_chr5
5427	1	ERR753374_chr5
5876	1	ERR753374_chr5
9	3	ERR753375_chr5
11	2	ERR753375_chr5
13	1	ERR753375_chr5
17	2	ERR753375_chr5
19	3	ERR753375_chr5
22	14	ERR753375_chr5
23	2	ERR753375_chr5
24	7	ERR753375_chr5
28	4	ERR753375_chr5
34	1	ERR753375_chr5
35	1	ERR753375_chr5
36	5	ERR753375_chr5
38	9	ERR753375_chr5
39	2	ERR753375_chr5
40	2	ERR753375_chr5
42	15	ERR753375_chr5
43	3	ERR753375_chr5
45	1	ERR753375_chr5
46	1	ERR753375_chr5
49	1	ERR753375_chr5
51	1	ERR753375_chr5
53	2	ERR753375_chr5
54	2	ERR753375_chr5
56	4	ERR753375_chr5
57	3	ERR753375_chr5
58	2	ERR753375_chr5
60	1	ERR753375_chr5
62	1	ERR753375_chr5
64	1	ERR753375_chr5
65	2	ERR753375_chr5
66	2	ERR753375_chr5
68	3	ERR753375_chr5
69	4	ERR753375_chr5
70	5	ERR753375_chr5
75	4	ERR753375_chr5
76	12	ERR753375_chr5
78	1	ERR753375_chr5
80	4	ERR753375_chr5
81	1	ERR753375_chr5
85	9	ERR753375_chr5
87	2	ERR753375_chr5
88	1	ERR753375_chr5
90	2	ERR753375_chr5
92	2	ERR753375_chr5
93	1	ERR753375_chr5
94	1	ERR753375_chr5
96	2	ERR753375_chr5
97	1	ERR753375_chr5
98	2	ERR753375_chr5
99	1	ERR753375_chr5
100	2	ERR753375_chr5
102	3	ERR753375_chr5
104	2	ERR753375_chr5
110	1	ERR753375_chr5
111	4	ERR753375_chr5
112	2	ERR753375_chr5
114	2	ERR753375_chr5
117	1	ERR753375_chr5
118	3	ERR753375_chr5
119	1	ERR753375_chr5
121	3	ERR753375_chr5
123	1	ERR753375_chr5
124	1	ERR753375_chr5
127	2	ERR753375_chr5
129	1	ERR753375_chr5
131	1	ERR753375_chr5
135	2	ERR753375_chr5
138	1	ERR753375_chr5
140	1	ERR753375_chr5
142	1	ERR753375_chr5
146	1	ERR753375_chr5
149	5	ERR753375_chr5
151	2	ERR753375_chr5
152	4	ERR753375_chr5
154	1	ERR753375_chr5
155	1	ERR753375_chr5
156	1	ERR753375_chr5
157	4	ERR753375_chr5
160	1	ERR753375_chr5
162	1	ERR753375_chr5
164	4	ERR753375_chr5
165	7	ERR753375_chr5
173	1	ERR753375_chr5
175	3	ERR753375_chr5
176	2	ERR753375_chr5
177	1	ERR753375_chr5
178	1	ERR753375_chr5
179	5	ERR753375_chr5
181	1	ERR753375_chr5
185	2	ERR753375_chr5
190	2	ERR753375_chr5
191	1	ERR753375_chr5
192	3	ERR753375_chr5
193	1	ERR753375_chr5
194	1	ERR753375_chr5
197	1	ERR753375_chr5
199	1	ERR753375_chr5
200	2	ERR753375_chr5
201	1	ERR753375_chr5
202	1	ERR753375_chr5
203	6	ERR753375_chr5
206	1	ERR753375_chr5
207	1	ERR753375_chr5
212	3	ERR753375_chr5
213	1	ERR753375_chr5
214	1	ERR753375_chr5
221	1	ERR753375_chr5
222	1	ERR753375_chr5
223	1	ERR753375_chr5
229	3	ERR753375_chr5
230	1	ERR753375_chr5
231	2	ERR753375_chr5
234	1	ERR753375_chr5
236	1	ERR753375_chr5
238	3	ERR753375_chr5
239	1	ERR753375_chr5
244	1	ERR753375_chr5
245	3	ERR753375_chr5
247	4	ERR753375_chr5
248	1	ERR753375_chr5
249	1	ERR753375_chr5
254	1	ERR753375_chr5
258	2	ERR753375_chr5
261	2	ERR753375_chr5
262	8	ERR753375_chr5
263	2	ERR753375_chr5
267	5	ERR753375_chr5
272	2	ERR753375_chr5
277	1	ERR753375_chr5
282	1	ERR753375_chr5
283	1	ERR753375_chr5
287	1	ERR753375_chr5
288	1	ERR753375_chr5
290	1	ERR753375_chr5
294	1	ERR753375_chr5
297	4	ERR753375_chr5
299	1	ERR753375_chr5
300	1	ERR753375_chr5
301	2	ERR753375_chr5
304	1	ERR753375_chr5
305	1	ERR753375_chr5
307	1	ERR753375_chr5
311	1	ERR753375_chr5
313	1	ERR753375_chr5
316	4	ERR753375_chr5
317	1	ERR753375_chr5
321	2	ERR753375_chr5
323	1	ERR753375_chr5
325	2	ERR753375_chr5
326	1	ERR753375_chr5
327	2	ERR753375_chr5
331	7	ERR753375_chr5
339	1	ERR753375_chr5
341	1	ERR753375_chr5
343	3	ERR753375_chr5
344	2	ERR753375_chr5
346	1	ERR753375_chr5
348	1	ERR753375_chr5
349	4	ERR753375_chr5
351	1	ERR753375_chr5
353	1	ERR753375_chr5
356	2	ERR753375_chr5
360	2	ERR753375_chr5
364	1	ERR753375_chr5
366	1	ERR753375_chr5
368	3	ERR753375_chr5
369	1	ERR753375_chr5
371	2	ERR753375_chr5
372	1	ERR753375_chr5
373	1	ERR753375_chr5
374	3	ERR753375_chr5
377	1	ERR753375_chr5
378	6	ERR753375_chr5
380	2	ERR753375_chr5
382	1	ERR753375_chr5
384	2	ERR753375_chr5
389	2	ERR753375_chr5
391	1	ERR753375_chr5
393	1	ERR753375_chr5
395	1	ERR753375_chr5
396	3	ERR753375_chr5
397	5	ERR753375_chr5
400	1	ERR753375_chr5
401	1	ERR753375_chr5
402	2	ERR753375_chr5
404	5	ERR753375_chr5
405	2	ERR753375_chr5
406	3	ERR753375_chr5
408	1	ERR753375_chr5
410	3	ERR753375_chr5
418	1	ERR753375_chr5
420	3	ERR753375_chr5
421	2	ERR753375_chr5
426	1	ERR753375_chr5
428	2	ERR753375_chr5
430	2	ERR753375_chr5
431	1	ERR753375_chr5
435	1	ERR753375_chr5
438	1	ERR753375_chr5
439	4	ERR753375_chr5
440	1	ERR753375_chr5
441	2	ERR753375_chr5
444	1	ERR753375_chr5
448	3	ERR753375_chr5
449	1	ERR753375_chr5
453	3	ERR753375_chr5
454	2	ERR753375_chr5
456	2	ERR753375_chr5
458	1	ERR753375_chr5
461	1	ERR753375_chr5
463	3	ERR753375_chr5
465	1	ERR753375_chr5
468	1	ERR753375_chr5
475	1	ERR753375_chr5
477	1	ERR753375_chr5
480	1	ERR753375_chr5
482	1	ERR753375_chr5
485	1	ERR753375_chr5
489	2	ERR753375_chr5
491	5	ERR753375_chr5
492	1	ERR753375_chr5
495	1	ERR753375_chr5
496	2	ERR753375_chr5
498	1	ERR753375_chr5
499	5	ERR753375_chr5
500	2	ERR753375_chr5
502	2	ERR753375_chr5
503	1	ERR753375_chr5
504	1	ERR753375_chr5
505	1	ERR753375_chr5
507	2	ERR753375_chr5
508	1	ERR753375_chr5
509	1	ERR753375_chr5
514	1	ERR753375_chr5
519	3	ERR753375_chr5
520	1	ERR753375_chr5
522	1	ERR753375_chr5
523	1	ERR753375_chr5
526	1	ERR753375_chr5
527	1	ERR753375_chr5
528	2	ERR753375_chr5
529	6	ERR753375_chr5
530	1	ERR753375_chr5
532	3	ERR753375_chr5
533	1	ERR753375_chr5
534	1	ERR753375_chr5
535	1	ERR753375_chr5
536	3	ERR753375_chr5
537	1	ERR753375_chr5
540	1	ERR753375_chr5
541	1	ERR753375_chr5
547	1	ERR753375_chr5
551	2	ERR753375_chr5
553	3	ERR753375_chr5
555	1	ERR753375_chr5
556	2	ERR753375_chr5
560	6	ERR753375_chr5
564	1	ERR753375_chr5
566	1	ERR753375_chr5
567	2	ERR753375_chr5
568	1	ERR753375_chr5
570	3	ERR753375_chr5
571	1	ERR753375_chr5
574	1	ERR753375_chr5
580	2	ERR753375_chr5
583	6	ERR753375_chr5
585	17	ERR753375_chr5
586	1	ERR753375_chr5
588	2	ERR753375_chr5
591	1	ERR753375_chr5
592	2	ERR753375_chr5
594	1	ERR753375_chr5
598	7	ERR753375_chr5
603	1	ERR753375_chr5
611	1	ERR753375_chr5
620	1	ERR753375_chr5
621	1	ERR753375_chr5
625	1	ERR753375_chr5
627	2	ERR753375_chr5
635	3	ERR753375_chr5
636	1	ERR753375_chr5
648	1	ERR753375_chr5
659	1	ERR753375_chr5
665	1	ERR753375_chr5
666	1	ERR753375_chr5
678	1	ERR753375_chr5
680	2	ERR753375_chr5
684	1	ERR753375_chr5
692	1	ERR753375_chr5
698	2	ERR753375_chr5
700	1	ERR753375_chr5
705	2	ERR753375_chr5
709	2	ERR753375_chr5
711	3	ERR753375_chr5
714	2	ERR753375_chr5
726	1	ERR753375_chr5
730	2	ERR753375_chr5
735	1	ERR753375_chr5
740	3	ERR753375_chr5
761	4	ERR753375_chr5
764	1	ERR753375_chr5
766	3	ERR753375_chr5
767	3	ERR753375_chr5
793	1	ERR753375_chr5
802	1	ERR753375_chr5
806	1	ERR753375_chr5
812	1	ERR753375_chr5
814	1	ERR753375_chr5
829	1	ERR753375_chr5
851	2	ERR753375_chr5
852	1	ERR753375_chr5
884	1	ERR753375_chr5
893	1	ERR753375_chr5
897	2	ERR753375_chr5
899	2	ERR753375_chr5
901	1	ERR753375_chr5
904	2	ERR753375_chr5
905	1	ERR753375_chr5
909	1	ERR753375_chr5
916	2	ERR753375_chr5
923	1	ERR753375_chr5
929	2	ERR753375_chr5
934	2	ERR753375_chr5
936	1	ERR753375_chr5
939	1	ERR753375_chr5
942	2	ERR753375_chr5
949	2	ERR753375_chr5
961	1	ERR753375_chr5
980	1	ERR753375_chr5
989	1	ERR753375_chr5
994	1	ERR753375_chr5
999	2	ERR753375_chr5
1002	2	ERR753375_chr5
1003	1	ERR753375_chr5
1007	1	ERR753375_chr5
1019	1	ERR753375_chr5
1033	2	ERR753375_chr5
1034	2	ERR753375_chr5
1040	1	ERR753375_chr5
1042	2	ERR753375_chr5
1045	1	ERR753375_chr5
1048	1	ERR753375_chr5
1049	1	ERR753375_chr5
1052	2	ERR753375_chr5
1055	3	ERR753375_chr5
1057	1	ERR753375_chr5
1058	2	ERR753375_chr5
1060	1	ERR753375_chr5
1061	1	ERR753375_chr5
1076	1	ERR753375_chr5
1084	1	ERR753375_chr5
1087	1	ERR753375_chr5
1088	2	ERR753375_chr5
1093	1	ERR753375_chr5
1095	1	ERR753375_chr5
1114	1	ERR753375_chr5
1118	1	ERR753375_chr5
1127	1	ERR753375_chr5
1172	2	ERR753375_chr5
1177	1	ERR753375_chr5
1180	1	ERR753375_chr5
1181	1	ERR753375_chr5
1198	1	ERR753375_chr5
1244	1	ERR753375_chr5
1259	1	ERR753375_chr5
1264	1	ERR753375_chr5
1295	1	ERR753375_chr5
1327	1	ERR753375_chr5
1329	1	ERR753375_chr5
1347	1	ERR753375_chr5
1369	1	ERR753375_chr5
1384	1	ERR753375_chr5
1425	1	ERR753375_chr5
1442	1	ERR753375_chr5
1446	1	ERR753375_chr5
1452	1	ERR753375_chr5
1460	2	ERR753375_chr5
1465	1	ERR753375_chr5
1467	1	ERR753375_chr5
1469	1	ERR753375_chr5
1487	1	ERR753375_chr5
1493	2	ERR753375_chr5
1499	1	ERR753375_chr5
1503	1	ERR753375_chr5
1543	1	ERR753375_chr5
1559	1	ERR753375_chr5
1572	1	ERR753375_chr5
1601	1	ERR753375_chr5
1606	1	ERR753375_chr5
1616	1	ERR753375_chr5
1640	5	ERR753375_chr5
1649	1	ERR753375_chr5
1662	1	ERR753375_chr5
1663	1	ERR753375_chr5
1664	1	ERR753375_chr5
1669	1	ERR753375_chr5
1674	1	ERR753375_chr5
1681	1	ERR753375_chr5
1709	1	ERR753375_chr5
1724	1	ERR753375_chr5
1745	1	ERR753375_chr5
1795	1	ERR753375_chr5
1819	1	ERR753375_chr5
1822	2	ERR753375_chr5
1908	1	ERR753375_chr5
1951	1	ERR753375_chr5
1986	4	ERR753375_chr5
1987	1	ERR753375_chr5
2073	1	ERR753375_chr5
2088	1	ERR753375_chr5
2154	1	ERR753375_chr5
2174	1	ERR753375_chr5
2194	1	ERR753375_chr5
2232	1	ERR753375_chr5
2277	1	ERR753375_chr5
2345	1	ERR753375_chr5
2402	1	ERR753375_chr5
2584	1	ERR753375_chr5
3309	1	ERR753375_chr5
3471	1	ERR753375_chr5
3476	1	ERR753375_chr5
3491	1	ERR753375_chr5
3526	1	ERR753375_chr5
3867	1	ERR753375_chr5
3894	1	ERR753375_chr5
4119	1	ERR753375_chr5
4134	1	ERR753375_chr5
4141	1	ERR753375_chr5
4156	1	ERR753375_chr5
4435	1	ERR753375_chr5
4438	1	ERR753375_chr5
4450	1	ERR753375_chr5
4453	1	ERR753375_chr5
5344	1	ERR753375_chr5
5427	1	ERR753375_chr5
5876	1	ERR753375_chr5
6	4	ERR753376_chr5
9	1	ERR753376_chr5
12	1	ERR753376_chr5
13	1	ERR753376_chr5
17	2	ERR753376_chr5
18	2	ERR753376_chr5
22	7	ERR753376_chr5
25	1	ERR753376_chr5
27	1	ERR753376_chr5
28	3	ERR753376_chr5
35	1	ERR753376_chr5
36	3	ERR753376_chr5
38	3	ERR753376_chr5
39	1	ERR753376_chr5
40	2	ERR753376_chr5
45	1	ERR753376_chr5
48	1	ERR753376_chr5
49	1	ERR753376_chr5
51	2	ERR753376_chr5
53	1	ERR753376_chr5
57	3	ERR753376_chr5
58	3	ERR753376_chr5
60	1	ERR753376_chr5
62	6	ERR753376_chr5
63	1	ERR753376_chr5
65	2	ERR753376_chr5
66	5	ERR753376_chr5
68	1	ERR753376_chr5
69	4	ERR753376_chr5
70	5	ERR753376_chr5
71	6	ERR753376_chr5
75	4	ERR753376_chr5
76	5	ERR753376_chr5
77	4	ERR753376_chr5
78	1	ERR753376_chr5
79	1	ERR753376_chr5
80	4	ERR753376_chr5
81	3	ERR753376_chr5
85	9	ERR753376_chr5
87	2	ERR753376_chr5
88	2	ERR753376_chr5
93	1	ERR753376_chr5
96	1	ERR753376_chr5
97	2	ERR753376_chr5
98	2	ERR753376_chr5
99	1	ERR753376_chr5
100	5	ERR753376_chr5
102	3	ERR753376_chr5
104	1	ERR753376_chr5
106	8	ERR753376_chr5
107	2	ERR753376_chr5
108	1	ERR753376_chr5
110	3	ERR753376_chr5
112	2	ERR753376_chr5
113	2	ERR753376_chr5
114	2	ERR753376_chr5
115	1	ERR753376_chr5
116	1	ERR753376_chr5
118	3	ERR753376_chr5
119	8	ERR753376_chr5
121	3	ERR753376_chr5
123	1	ERR753376_chr5
127	1	ERR753376_chr5
129	1	ERR753376_chr5
131	3	ERR753376_chr5
135	2	ERR753376_chr5
140	8	ERR753376_chr5
143	3	ERR753376_chr5
147	1	ERR753376_chr5
148	2	ERR753376_chr5
149	4	ERR753376_chr5
150	3	ERR753376_chr5
151	3	ERR753376_chr5
152	6	ERR753376_chr5
155	7	ERR753376_chr5
158	3	ERR753376_chr5
159	5	ERR753376_chr5
160	2	ERR753376_chr5
162	1	ERR753376_chr5
164	4	ERR753376_chr5
167	2	ERR753376_chr5
168	1	ERR753376_chr5
169	3	ERR753376_chr5
170	1	ERR753376_chr5
173	1	ERR753376_chr5
175	3	ERR753376_chr5
176	3	ERR753376_chr5
177	1	ERR753376_chr5
178	1	ERR753376_chr5
179	5	ERR753376_chr5
181	1	ERR753376_chr5
182	11	ERR753376_chr5
190	2	ERR753376_chr5
191	1	ERR753376_chr5
193	5	ERR753376_chr5
194	1	ERR753376_chr5
195	1	ERR753376_chr5
197	2	ERR753376_chr5
199	1	ERR753376_chr5
200	2	ERR753376_chr5
201	1	ERR753376_chr5
202	1	ERR753376_chr5
203	9	ERR753376_chr5
206	1	ERR753376_chr5
207	6	ERR753376_chr5
208	5	ERR753376_chr5
211	1	ERR753376_chr5
220	2	ERR753376_chr5
221	2	ERR753376_chr5
222	2	ERR753376_chr5
223	3	ERR753376_chr5
225	5	ERR753376_chr5
228	2	ERR753376_chr5
229	3	ERR753376_chr5
230	2	ERR753376_chr5
231	2	ERR753376_chr5
232	7	ERR753376_chr5
234	5	ERR753376_chr5
236	1	ERR753376_chr5
238	1	ERR753376_chr5
245	3	ERR753376_chr5
247	1	ERR753376_chr5
248	1	ERR753376_chr5
253	1	ERR753376_chr5
254	1	ERR753376_chr5
258	2	ERR753376_chr5
261	3	ERR753376_chr5
262	5	ERR753376_chr5
263	2	ERR753376_chr5
264	2	ERR753376_chr5
267	3	ERR753376_chr5
269	1	ERR753376_chr5
271	1	ERR753376_chr5
272	2	ERR753376_chr5
274	1	ERR753376_chr5
277	3	ERR753376_chr5
282	4	ERR753376_chr5
287	6	ERR753376_chr5
297	2	ERR753376_chr5
300	1	ERR753376_chr5
301	1	ERR753376_chr5
304	1	ERR753376_chr5
307	1	ERR753376_chr5
308	1	ERR753376_chr5
313	1	ERR753376_chr5
317	1	ERR753376_chr5
321	2	ERR753376_chr5
325	3	ERR753376_chr5
326	1	ERR753376_chr5
327	2	ERR753376_chr5
329	1	ERR753376_chr5
331	1	ERR753376_chr5
335	1	ERR753376_chr5
336	1	ERR753376_chr5
340	1	ERR753376_chr5
342	1	ERR753376_chr5
343	3	ERR753376_chr5
344	3	ERR753376_chr5
347	6	ERR753376_chr5
349	5	ERR753376_chr5
351	1	ERR753376_chr5
353	1	ERR753376_chr5
355	4	ERR753376_chr5
358	2	ERR753376_chr5
359	3	ERR753376_chr5
360	2	ERR753376_chr5
364	1	ERR753376_chr5
366	1	ERR753376_chr5
368	3	ERR753376_chr5
369	1	ERR753376_chr5
370	2	ERR753376_chr5
371	2	ERR753376_chr5
372	1	ERR753376_chr5
373	1	ERR753376_chr5
374	3	ERR753376_chr5
377	1	ERR753376_chr5
378	3	ERR753376_chr5
380	1	ERR753376_chr5
384	2	ERR753376_chr5
389	5	ERR753376_chr5
391	1	ERR753376_chr5
393	1	ERR753376_chr5
395	1	ERR753376_chr5
396	3	ERR753376_chr5
397	4	ERR753376_chr5
401	1	ERR753376_chr5
402	2	ERR753376_chr5
405	2	ERR753376_chr5
406	3	ERR753376_chr5
408	1	ERR753376_chr5
410	1	ERR753376_chr5
418	1	ERR753376_chr5
419	1	ERR753376_chr5
420	3	ERR753376_chr5
421	2	ERR753376_chr5
426	1	ERR753376_chr5
428	1	ERR753376_chr5
435	1	ERR753376_chr5
438	1	ERR753376_chr5
444	1	ERR753376_chr5
447	1	ERR753376_chr5
448	5	ERR753376_chr5
449	1	ERR753376_chr5
453	3	ERR753376_chr5
454	4	ERR753376_chr5
456	1	ERR753376_chr5
458	1	ERR753376_chr5
461	1	ERR753376_chr5
463	3	ERR753376_chr5
465	1	ERR753376_chr5
468	1	ERR753376_chr5
470	1	ERR753376_chr5
474	1	ERR753376_chr5
475	1	ERR753376_chr5
477	1	ERR753376_chr5
478	1	ERR753376_chr5
480	1	ERR753376_chr5
482	3	ERR753376_chr5
485	1	ERR753376_chr5
486	3	ERR753376_chr5
491	4	ERR753376_chr5
492	1	ERR753376_chr5
496	2	ERR753376_chr5
497	1	ERR753376_chr5
498	1	ERR753376_chr5
499	4	ERR753376_chr5
500	2	ERR753376_chr5
502	2	ERR753376_chr5
503	2	ERR753376_chr5
505	1	ERR753376_chr5
507	2	ERR753376_chr5
508	1	ERR753376_chr5
509	2	ERR753376_chr5
511	2	ERR753376_chr5
514	3	ERR753376_chr5
519	3	ERR753376_chr5
520	5	ERR753376_chr5
522	1	ERR753376_chr5
523	1	ERR753376_chr5
524	1	ERR753376_chr5
527	2	ERR753376_chr5
529	4	ERR753376_chr5
532	1	ERR753376_chr5
534	4	ERR753376_chr5
535	1	ERR753376_chr5
538	1	ERR753376_chr5
543	1	ERR753376_chr5
545	4	ERR753376_chr5
546	2	ERR753376_chr5
547	1	ERR753376_chr5
553	5	ERR753376_chr5
555	2	ERR753376_chr5
556	1	ERR753376_chr5
560	5	ERR753376_chr5
567	2	ERR753376_chr5
569	1	ERR753376_chr5
570	1	ERR753376_chr5
574	1	ERR753376_chr5
575	1	ERR753376_chr5
576	7	ERR753376_chr5
579	1	ERR753376_chr5
580	1	ERR753376_chr5
584	2	ERR753376_chr5
585	5	ERR753376_chr5
586	1	ERR753376_chr5
587	3	ERR753376_chr5
591	1	ERR753376_chr5
592	6	ERR753376_chr5
597	1	ERR753376_chr5
598	4	ERR753376_chr5
601	1	ERR753376_chr5
602	1	ERR753376_chr5
603	1	ERR753376_chr5
614	1	ERR753376_chr5
620	1	ERR753376_chr5
621	1	ERR753376_chr5
625	1	ERR753376_chr5
626	1	ERR753376_chr5
629	1	ERR753376_chr5
630	1	ERR753376_chr5
635	3	ERR753376_chr5
645	2	ERR753376_chr5
648	1	ERR753376_chr5
659	1	ERR753376_chr5
665	1	ERR753376_chr5
666	1	ERR753376_chr5
671	1	ERR753376_chr5
672	2	ERR753376_chr5
674	1	ERR753376_chr5
678	1	ERR753376_chr5
680	2	ERR753376_chr5
684	1	ERR753376_chr5
685	2	ERR753376_chr5
689	2	ERR753376_chr5
692	1	ERR753376_chr5
697	1	ERR753376_chr5
698	2	ERR753376_chr5
701	1	ERR753376_chr5
702	2	ERR753376_chr5
705	2	ERR753376_chr5
711	3	ERR753376_chr5
718	1	ERR753376_chr5
724	1	ERR753376_chr5
728	1	ERR753376_chr5
730	2	ERR753376_chr5
739	4	ERR753376_chr5
751	1	ERR753376_chr5
761	5	ERR753376_chr5
764	1	ERR753376_chr5
766	1	ERR753376_chr5
767	2	ERR753376_chr5
786	3	ERR753376_chr5
793	1	ERR753376_chr5
806	1	ERR753376_chr5
812	1	ERR753376_chr5
814	1	ERR753376_chr5
820	3	ERR753376_chr5
839	2	ERR753376_chr5
851	1	ERR753376_chr5
897	1	ERR753376_chr5
899	2	ERR753376_chr5
901	1	ERR753376_chr5
904	2	ERR753376_chr5
905	1	ERR753376_chr5
906	1	ERR753376_chr5
923	1	ERR753376_chr5
927	1	ERR753376_chr5
929	2	ERR753376_chr5
934	2	ERR753376_chr5
939	1	ERR753376_chr5
949	2	ERR753376_chr5
987	1	ERR753376_chr5
1002	2	ERR753376_chr5
1003	1	ERR753376_chr5
1030	2	ERR753376_chr5
1033	1	ERR753376_chr5
1048	1	ERR753376_chr5
1055	3	ERR753376_chr5
1058	2	ERR753376_chr5
1064	1	ERR753376_chr5
1072	3	ERR753376_chr5
1076	14	ERR753376_chr5
1084	1	ERR753376_chr5
1093	1	ERR753376_chr5
1094	2	ERR753376_chr5
1099	1	ERR753376_chr5
1118	1	ERR753376_chr5
1172	2	ERR753376_chr5
1177	1	ERR753376_chr5
1180	1	ERR753376_chr5
1181	1	ERR753376_chr5
1198	1	ERR753376_chr5
1244	1	ERR753376_chr5
1254	1	ERR753376_chr5
1259	1	ERR753376_chr5
1264	1	ERR753376_chr5
1314	1	ERR753376_chr5
1329	1	ERR753376_chr5
1347	1	ERR753376_chr5
1369	1	ERR753376_chr5
1373	1	ERR753376_chr5
1384	1	ERR753376_chr5
1409	1	ERR753376_chr5
1425	1	ERR753376_chr5
1441	1	ERR753376_chr5
1442	1	ERR753376_chr5
1443	1	ERR753376_chr5
1446	1	ERR753376_chr5
1452	1	ERR753376_chr5
1458	1	ERR753376_chr5
1460	2	ERR753376_chr5
1465	1	ERR753376_chr5
1467	1	ERR753376_chr5
1469	1	ERR753376_chr5
1492	1	ERR753376_chr5
1493	2	ERR753376_chr5
1499	1	ERR753376_chr5
1503	1	ERR753376_chr5
1516	1	ERR753376_chr5
1540	1	ERR753376_chr5
1543	1	ERR753376_chr5
1662	1	ERR753376_chr5
1663	1	ERR753376_chr5
1664	1	ERR753376_chr5
1674	1	ERR753376_chr5
1678	2	ERR753376_chr5
1681	1	ERR753376_chr5
1709	1	ERR753376_chr5
1724	1	ERR753376_chr5
1745	1	ERR753376_chr5
1756	2	ERR753376_chr5
1822	2	ERR753376_chr5
1826	1	ERR753376_chr5
1848	1	ERR753376_chr5
1936	1	ERR753376_chr5
1950	1	ERR753376_chr5
1951	1	ERR753376_chr5
1953	1	ERR753376_chr5
1960	2	ERR753376_chr5
1986	4	ERR753376_chr5
1987	1	ERR753376_chr5
2013	1	ERR753376_chr5
2073	1	ERR753376_chr5
2088	1	ERR753376_chr5
2154	1	ERR753376_chr5
2174	1	ERR753376_chr5
2194	1	ERR753376_chr5
2232	1	ERR753376_chr5
2241	1	ERR753376_chr5
2247	1	ERR753376_chr5
2277	1	ERR753376_chr5
2301	1	ERR753376_chr5
2307	1	ERR753376_chr5
2345	1	ERR753376_chr5
2402	1	ERR753376_chr5
2448	1	ERR753376_chr5
2463	1	ERR753376_chr5
2584	1	ERR753376_chr5
2937	1	ERR753376_chr5
3294	1	ERR753376_chr5
3309	1	ERR753376_chr5
3471	1	ERR753376_chr5
3685	1	ERR753376_chr5
3867	1	ERR753376_chr5
3894	1	ERR753376_chr5
5344	1	ERR753376_chr5
5427	1	ERR753376_chr5
5876	1	ERR753376_chr5
6	4	ERR753377_chr5
8	1	ERR753377_chr5
9	2	ERR753377_chr5
11	3	ERR753377_chr5
12	1	ERR753377_chr5
13	1	ERR753377_chr5
16	17	ERR753377_chr5
17	2	ERR753377_chr5
20	3	ERR753377_chr5
22	7	ERR753377_chr5
24	3	ERR753377_chr5
28	1	ERR753377_chr5
30	1	ERR753377_chr5
34	1	ERR753377_chr5
35	1	ERR753377_chr5
36	5	ERR753377_chr5
37	1	ERR753377_chr5
38	4	ERR753377_chr5
39	2	ERR753377_chr5
40	6	ERR753377_chr5
42	1	ERR753377_chr5
43	3	ERR753377_chr5
45	1	ERR753377_chr5
49	1	ERR753377_chr5
51	1	ERR753377_chr5
53	2	ERR753377_chr5
54	2	ERR753377_chr5
55	1	ERR753377_chr5
56	4	ERR753377_chr5
57	4	ERR753377_chr5
58	8	ERR753377_chr5
60	3	ERR753377_chr5
62	1	ERR753377_chr5
64	1	ERR753377_chr5
65	2	ERR753377_chr5
66	6	ERR753377_chr5
67	2	ERR753377_chr5
68	3	ERR753377_chr5
69	4	ERR753377_chr5
70	4	ERR753377_chr5
74	1	ERR753377_chr5
75	4	ERR753377_chr5
76	7	ERR753377_chr5
77	4	ERR753377_chr5
79	2	ERR753377_chr5
80	4	ERR753377_chr5
81	4	ERR753377_chr5
82	2	ERR753377_chr5
85	10	ERR753377_chr5
87	3	ERR753377_chr5
88	2	ERR753377_chr5
89	2	ERR753377_chr5
90	2	ERR753377_chr5
93	1	ERR753377_chr5
95	1	ERR753377_chr5
97	3	ERR753377_chr5
98	2	ERR753377_chr5
99	2	ERR753377_chr5
100	4	ERR753377_chr5
102	3	ERR753377_chr5
104	1	ERR753377_chr5
106	12	ERR753377_chr5
107	2	ERR753377_chr5
108	1	ERR753377_chr5
110	4	ERR753377_chr5
111	4	ERR753377_chr5
112	2	ERR753377_chr5
114	5	ERR753377_chr5
115	1	ERR753377_chr5
118	4	ERR753377_chr5
119	8	ERR753377_chr5
120	2	ERR753377_chr5
121	3	ERR753377_chr5
124	12	ERR753377_chr5
126	1	ERR753377_chr5
127	2	ERR753377_chr5
129	1	ERR753377_chr5
131	3	ERR753377_chr5
135	7	ERR753377_chr5
136	1	ERR753377_chr5
138	1	ERR753377_chr5
140	4	ERR753377_chr5
142	2	ERR753377_chr5
143	1	ERR753377_chr5
144	1	ERR753377_chr5
145	7	ERR753377_chr5
147	2	ERR753377_chr5
148	2	ERR753377_chr5
149	4	ERR753377_chr5
150	6	ERR753377_chr5
151	3	ERR753377_chr5
152	6	ERR753377_chr5
154	1	ERR753377_chr5
155	3	ERR753377_chr5
156	1	ERR753377_chr5
158	3	ERR753377_chr5
159	5	ERR753377_chr5
160	1	ERR753377_chr5
162	1	ERR753377_chr5
163	1	ERR753377_chr5
164	4	ERR753377_chr5
165	7	ERR753377_chr5
167	2	ERR753377_chr5
168	1	ERR753377_chr5
169	1	ERR753377_chr5
170	2	ERR753377_chr5
171	1	ERR753377_chr5
173	1	ERR753377_chr5
175	3	ERR753377_chr5
176	3	ERR753377_chr5
177	3	ERR753377_chr5
178	1	ERR753377_chr5
179	5	ERR753377_chr5
181	1	ERR753377_chr5
182	6	ERR753377_chr5
183	1	ERR753377_chr5
184	6	ERR753377_chr5
185	3	ERR753377_chr5
186	1	ERR753377_chr5
187	2	ERR753377_chr5
189	1	ERR753377_chr5
190	2	ERR753377_chr5
191	2	ERR753377_chr5
192	4	ERR753377_chr5
194	1	ERR753377_chr5
195	2	ERR753377_chr5
196	3	ERR753377_chr5
197	2	ERR753377_chr5
199	2	ERR753377_chr5
200	2	ERR753377_chr5
201	2	ERR753377_chr5
203	14	ERR753377_chr5
206	1	ERR753377_chr5
207	6	ERR753377_chr5
208	5	ERR753377_chr5
209	2	ERR753377_chr5
212	3	ERR753377_chr5
217	1	ERR753377_chr5
221	4	ERR753377_chr5
222	2	ERR753377_chr5
223	3	ERR753377_chr5
225	5	ERR753377_chr5
229	2	ERR753377_chr5
231	3	ERR753377_chr5
233	6	ERR753377_chr5
234	1	ERR753377_chr5
236	1	ERR753377_chr5
238	1	ERR753377_chr5
239	2	ERR753377_chr5
242	4	ERR753377_chr5
247	1	ERR753377_chr5
248	1	ERR753377_chr5
253	1	ERR753377_chr5
255	1	ERR753377_chr5
256	1	ERR753377_chr5
258	3	ERR753377_chr5
259	1	ERR753377_chr5
262	6	ERR753377_chr5
263	2	ERR753377_chr5
264	2	ERR753377_chr5
265	1	ERR753377_chr5
267	3	ERR753377_chr5
269	1	ERR753377_chr5
270	3	ERR753377_chr5
271	1	ERR753377_chr5
272	1	ERR753377_chr5
274	4	ERR753377_chr5
277	2	ERR753377_chr5
279	1	ERR753377_chr5
282	3	ERR753377_chr5
283	1	ERR753377_chr5
287	1	ERR753377_chr5
288	1	ERR753377_chr5
289	1	ERR753377_chr5
290	1	ERR753377_chr5
294	1	ERR753377_chr5
297	2	ERR753377_chr5
300	1	ERR753377_chr5
301	1	ERR753377_chr5
304	1	ERR753377_chr5
307	1	ERR753377_chr5
308	1	ERR753377_chr5
316	1	ERR753377_chr5
317	1	ERR753377_chr5
318	2	ERR753377_chr5
321	4	ERR753377_chr5
325	3	ERR753377_chr5
326	1	ERR753377_chr5
327	2	ERR753377_chr5
329	3	ERR753377_chr5
332	3	ERR753377_chr5
335	7	ERR753377_chr5
337	2	ERR753377_chr5
339	1	ERR753377_chr5
340	1	ERR753377_chr5
341	1	ERR753377_chr5
342	1	ERR753377_chr5
344	4	ERR753377_chr5
346	1	ERR753377_chr5
348	1	ERR753377_chr5
349	5	ERR753377_chr5
351	1	ERR753377_chr5
353	1	ERR753377_chr5
355	4	ERR753377_chr5
356	1	ERR753377_chr5
359	2	ERR753377_chr5
360	2	ERR753377_chr5
364	1	ERR753377_chr5
366	1	ERR753377_chr5
368	3	ERR753377_chr5
369	1	ERR753377_chr5
370	7	ERR753377_chr5
371	2	ERR753377_chr5
372	1	ERR753377_chr5
373	1	ERR753377_chr5
374	3	ERR753377_chr5
377	1	ERR753377_chr5
378	1	ERR753377_chr5
380	3	ERR753377_chr5
384	2	ERR753377_chr5
387	1	ERR753377_chr5
389	6	ERR753377_chr5
391	4	ERR753377_chr5
393	1	ERR753377_chr5
394	1	ERR753377_chr5
395	1	ERR753377_chr5
396	3	ERR753377_chr5
397	1	ERR753377_chr5
401	2	ERR753377_chr5
402	2	ERR753377_chr5
403	1	ERR753377_chr5
405	2	ERR753377_chr5
406	3	ERR753377_chr5
408	2	ERR753377_chr5
410	1	ERR753377_chr5
418	1	ERR753377_chr5
419	1	ERR753377_chr5
420	3	ERR753377_chr5
421	2	ERR753377_chr5
423	2	ERR753377_chr5
426	1	ERR753377_chr5
428	3	ERR753377_chr5
431	1	ERR753377_chr5
435	1	ERR753377_chr5
438	4	ERR753377_chr5
440	2	ERR753377_chr5
441	2	ERR753377_chr5
444	1	ERR753377_chr5
447	1	ERR753377_chr5
448	1	ERR753377_chr5
449	1	ERR753377_chr5
453	3	ERR753377_chr5
454	2	ERR753377_chr5
456	2	ERR753377_chr5
458	1	ERR753377_chr5
461	2	ERR753377_chr5
463	3	ERR753377_chr5
465	1	ERR753377_chr5
468	3	ERR753377_chr5
474	1	ERR753377_chr5
475	1	ERR753377_chr5
477	1	ERR753377_chr5
478	2	ERR753377_chr5
480	1	ERR753377_chr5
482	3	ERR753377_chr5
485	1	ERR753377_chr5
486	3	ERR753377_chr5
491	4	ERR753377_chr5
492	1	ERR753377_chr5
494	2	ERR753377_chr5
495	1	ERR753377_chr5
496	2	ERR753377_chr5
497	1	ERR753377_chr5
498	3	ERR753377_chr5
499	5	ERR753377_chr5
500	2	ERR753377_chr5
502	2	ERR753377_chr5
503	2	ERR753377_chr5
505	2	ERR753377_chr5
507	2	ERR753377_chr5
509	2	ERR753377_chr5
510	2	ERR753377_chr5
514	1	ERR753377_chr5
519	3	ERR753377_chr5
520	5	ERR753377_chr5
522	1	ERR753377_chr5
523	1	ERR753377_chr5
524	1	ERR753377_chr5
526	1	ERR753377_chr5
527	2	ERR753377_chr5
529	7	ERR753377_chr5
530	1	ERR753377_chr5
532	3	ERR753377_chr5
534	2	ERR753377_chr5
535	1	ERR753377_chr5
537	1	ERR753377_chr5
540	2	ERR753377_chr5
543	1	ERR753377_chr5
545	4	ERR753377_chr5
546	1	ERR753377_chr5
547	1	ERR753377_chr5
552	1	ERR753377_chr5
553	5	ERR753377_chr5
555	2	ERR753377_chr5
556	2	ERR753377_chr5
560	5	ERR753377_chr5
567	2	ERR753377_chr5
569	1	ERR753377_chr5
570	1	ERR753377_chr5
571	1	ERR753377_chr5
574	1	ERR753377_chr5
575	1	ERR753377_chr5
576	7	ERR753377_chr5
580	1	ERR753377_chr5
583	5	ERR753377_chr5
585	5	ERR753377_chr5
587	3	ERR753377_chr5
588	1	ERR753377_chr5
591	1	ERR753377_chr5
592	4	ERR753377_chr5
597	3	ERR753377_chr5
598	4	ERR753377_chr5
603	1	ERR753377_chr5
614	1	ERR753377_chr5
620	1	ERR753377_chr5
621	1	ERR753377_chr5
625	1	ERR753377_chr5
626	1	ERR753377_chr5
627	2	ERR753377_chr5
628	1	ERR753377_chr5
635	3	ERR753377_chr5
636	1	ERR753377_chr5
645	2	ERR753377_chr5
648	1	ERR753377_chr5
652	1	ERR753377_chr5
659	1	ERR753377_chr5
665	1	ERR753377_chr5
666	1	ERR753377_chr5
671	1	ERR753377_chr5
672	2	ERR753377_chr5
678	1	ERR753377_chr5
680	2	ERR753377_chr5
684	1	ERR753377_chr5
689	2	ERR753377_chr5
691	2	ERR753377_chr5
692	1	ERR753377_chr5
693	1	ERR753377_chr5
698	2	ERR753377_chr5
700	1	ERR753377_chr5
702	2	ERR753377_chr5
705	2	ERR753377_chr5
711	3	ERR753377_chr5
718	1	ERR753377_chr5
721	1	ERR753377_chr5
724	1	ERR753377_chr5
728	1	ERR753377_chr5
730	3	ERR753377_chr5
734	1	ERR753377_chr5
759	2	ERR753377_chr5
764	1	ERR753377_chr5
767	1	ERR753377_chr5
778	1	ERR753377_chr5
785	1	ERR753377_chr5
798	1	ERR753377_chr5
804	3	ERR753377_chr5
806	1	ERR753377_chr5
814	1	ERR753377_chr5
821	1	ERR753377_chr5
848	1	ERR753377_chr5
851	1	ERR753377_chr5
863	1	ERR753377_chr5
865	1	ERR753377_chr5
881	1	ERR753377_chr5
884	1	ERR753377_chr5
890	1	ERR753377_chr5
893	1	ERR753377_chr5
897	2	ERR753377_chr5
899	2	ERR753377_chr5
900	2	ERR753377_chr5
901	1	ERR753377_chr5
904	2	ERR753377_chr5
905	1	ERR753377_chr5
906	1	ERR753377_chr5
909	1	ERR753377_chr5
911	2	ERR753377_chr5
915	1	ERR753377_chr5
916	2	ERR753377_chr5
923	1	ERR753377_chr5
929	2	ERR753377_chr5
932	1	ERR753377_chr5
934	2	ERR753377_chr5
936	1	ERR753377_chr5
939	1	ERR753377_chr5
941	1	ERR753377_chr5
942	2	ERR753377_chr5
949	1	ERR753377_chr5
958	1	ERR753377_chr5
960	5	ERR753377_chr5
961	1	ERR753377_chr5
965	1	ERR753377_chr5
987	1	ERR753377_chr5
999	1	ERR753377_chr5
1002	2	ERR753377_chr5
1003	1	ERR753377_chr5
1007	1	ERR753377_chr5
1019	1	ERR753377_chr5
1033	2	ERR753377_chr5
1034	2	ERR753377_chr5
1040	1	ERR753377_chr5
1042	2	ERR753377_chr5
1048	1	ERR753377_chr5
1055	3	ERR753377_chr5
1057	1	ERR753377_chr5
1058	2	ERR753377_chr5
1060	1	ERR753377_chr5
1061	1	ERR753377_chr5
1064	1	ERR753377_chr5
1065	1	ERR753377_chr5
1072	3	ERR753377_chr5
1076	15	ERR753377_chr5
1084	1	ERR753377_chr5
1087	1	ERR753377_chr5
1088	2	ERR753377_chr5
1093	1	ERR753377_chr5
1094	2	ERR753377_chr5
1114	1	ERR753377_chr5
1118	1	ERR753377_chr5
1127	1	ERR753377_chr5
1151	1	ERR753377_chr5
1158	2	ERR753377_chr5
1179	1	ERR753377_chr5
1180	1	ERR753377_chr5
1181	1	ERR753377_chr5
1191	1	ERR753377_chr5
1198	3	ERR753377_chr5
1244	1	ERR753377_chr5
1259	1	ERR753377_chr5
1264	1	ERR753377_chr5
1291	1	ERR753377_chr5
1329	1	ERR753377_chr5
1347	1	ERR753377_chr5
1425	1	ERR753377_chr5
1442	1	ERR753377_chr5
1445	1	ERR753377_chr5
1446	1	ERR753377_chr5
1452	1	ERR753377_chr5
1460	2	ERR753377_chr5
1465	1	ERR753377_chr5
1467	1	ERR753377_chr5
1469	1	ERR753377_chr5
1487	1	ERR753377_chr5
1492	1	ERR753377_chr5
1493	2	ERR753377_chr5
1499	1	ERR753377_chr5
1503	1	ERR753377_chr5
1530	1	ERR753377_chr5
1533	1	ERR753377_chr5
1540	1	ERR753377_chr5
1543	1	ERR753377_chr5
1559	1	ERR753377_chr5
1572	1	ERR753377_chr5
1662	1	ERR753377_chr5
1663	1	ERR753377_chr5
1664	1	ERR753377_chr5
1674	1	ERR753377_chr5
1678	2	ERR753377_chr5
1681	1	ERR753377_chr5
1709	1	ERR753377_chr5
1724	1	ERR753377_chr5
1737	1	ERR753377_chr5
1745	1	ERR753377_chr5
1756	2	ERR753377_chr5
1768	1	ERR753377_chr5
1822	2	ERR753377_chr5
1848	1	ERR753377_chr5
1900	1	ERR753377_chr5
1903	1	ERR753377_chr5
1945	1	ERR753377_chr5
1950	1	ERR753377_chr5
1951	1	ERR753377_chr5
1953	1	ERR753377_chr5
1960	2	ERR753377_chr5
1981	1	ERR753377_chr5
1986	4	ERR753377_chr5
1987	1	ERR753377_chr5
2013	1	ERR753377_chr5
2021	1	ERR753377_chr5
2073	1	ERR753377_chr5
2088	1	ERR753377_chr5
2142	1	ERR753377_chr5
2154	1	ERR753377_chr5
2174	1	ERR753377_chr5
2194	1	ERR753377_chr5
2232	1	ERR753377_chr5
2277	1	ERR753377_chr5
2307	1	ERR753377_chr5
2345	1	ERR753377_chr5
2358	1	ERR753377_chr5
2400	1	ERR753377_chr5
2402	1	ERR753377_chr5
2428	1	ERR753377_chr5
2517	1	ERR753377_chr5
2584	1	ERR753377_chr5
2803	1	ERR753377_chr5
2937	1	ERR753377_chr5
3071	1	ERR753377_chr5
3294	1	ERR753377_chr5
3309	1	ERR753377_chr5
3471	1	ERR753377_chr5
3681	1	ERR753377_chr5
3867	1	ERR753377_chr5
3894	1	ERR753377_chr5
4090	1	ERR753377_chr5
4117	1	ERR753377_chr5
5344	1	ERR753377_chr5
5427	1	ERR753377_chr5
5876	1	ERR753377_chr5
1	9	ERR753378_chr5
3	9	ERR753378_chr5
4	2	ERR753378_chr5
5	2	ERR753378_chr5
6	3	ERR753378_chr5
7	1	ERR753378_chr5
8	4	ERR753378_chr5
9	2	ERR753378_chr5
10	5	ERR753378_chr5
11	1	ERR753378_chr5
12	5	ERR753378_chr5
13	5	ERR753378_chr5
14	3	ERR753378_chr5
15	1	ERR753378_chr5
16	2	ERR753378_chr5
17	4	ERR753378_chr5
19	4	ERR753378_chr5
20	4	ERR753378_chr5
22	15	ERR753378_chr5
24	4	ERR753378_chr5
25	1	ERR753378_chr5
26	1	ERR753378_chr5
28	5	ERR753378_chr5
30	2	ERR753378_chr5
31	1	ERR753378_chr5
33	9	ERR753378_chr5
34	3	ERR753378_chr5
35	2	ERR753378_chr5
36	3	ERR753378_chr5
37	3	ERR753378_chr5
38	9	ERR753378_chr5
39	2	ERR753378_chr5
40	2	ERR753378_chr5
41	5	ERR753378_chr5
42	4	ERR753378_chr5
43	1	ERR753378_chr5
44	5	ERR753378_chr5
45	3	ERR753378_chr5
46	1	ERR753378_chr5
48	6	ERR753378_chr5
49	3	ERR753378_chr5
50	6	ERR753378_chr5
51	3	ERR753378_chr5
53	2	ERR753378_chr5
54	12	ERR753378_chr5
56	4	ERR753378_chr5
57	1	ERR753378_chr5
58	2	ERR753378_chr5
59	7	ERR753378_chr5
62	4	ERR753378_chr5
63	1	ERR753378_chr5
64	1	ERR753378_chr5
65	1	ERR753378_chr5
66	9	ERR753378_chr5
67	2	ERR753378_chr5
68	8	ERR753378_chr5
69	10	ERR753378_chr5
70	4	ERR753378_chr5
74	1	ERR753378_chr5
75	7	ERR753378_chr5
76	12	ERR753378_chr5
77	1	ERR753378_chr5
78	2	ERR753378_chr5
79	1	ERR753378_chr5
80	4	ERR753378_chr5
81	1	ERR753378_chr5
83	1	ERR753378_chr5
85	4	ERR753378_chr5
87	2	ERR753378_chr5
88	2	ERR753378_chr5
89	2	ERR753378_chr5
90	2	ERR753378_chr5
92	2	ERR753378_chr5
94	1	ERR753378_chr5
95	3	ERR753378_chr5
96	4	ERR753378_chr5
97	2	ERR753378_chr5
98	2	ERR753378_chr5
99	2	ERR753378_chr5
100	2	ERR753378_chr5
102	6	ERR753378_chr5
104	4	ERR753378_chr5
105	1	ERR753378_chr5
106	5	ERR753378_chr5
107	13	ERR753378_chr5
108	2	ERR753378_chr5
110	1	ERR753378_chr5
111	1	ERR753378_chr5
112	2	ERR753378_chr5
113	1	ERR753378_chr5
114	3	ERR753378_chr5
115	10	ERR753378_chr5
116	4	ERR753378_chr5
117	1	ERR753378_chr5
118	2	ERR753378_chr5
119	4	ERR753378_chr5
120	2	ERR753378_chr5
121	6	ERR753378_chr5
122	3	ERR753378_chr5
123	1	ERR753378_chr5
124	2	ERR753378_chr5
126	2	ERR753378_chr5
127	5	ERR753378_chr5
128	5	ERR753378_chr5
129	2	ERR753378_chr5
130	1	ERR753378_chr5
131	2	ERR753378_chr5
133	4	ERR753378_chr5
135	6	ERR753378_chr5
136	6	ERR753378_chr5
137	1	ERR753378_chr5
138	2	ERR753378_chr5
140	4	ERR753378_chr5
141	1	ERR753378_chr5
142	2	ERR753378_chr5
144	3	ERR753378_chr5
146	2	ERR753378_chr5
147	5	ERR753378_chr5
149	6	ERR753378_chr5
150	2	ERR753378_chr5
151	1	ERR753378_chr5
152	6	ERR753378_chr5
154	1	ERR753378_chr5
155	1	ERR753378_chr5
156	4	ERR753378_chr5
157	4	ERR753378_chr5
158	1	ERR753378_chr5
159	6	ERR753378_chr5
160	1	ERR753378_chr5
161	2	ERR753378_chr5
162	1	ERR753378_chr5
163	1	ERR753378_chr5
164	6	ERR753378_chr5
166	2	ERR753378_chr5
167	2	ERR753378_chr5
169	5	ERR753378_chr5
170	2	ERR753378_chr5
173	4	ERR753378_chr5
175	2	ERR753378_chr5
176	4	ERR753378_chr5
177	2	ERR753378_chr5
178	2	ERR753378_chr5
179	5	ERR753378_chr5
181	4	ERR753378_chr5
182	4	ERR753378_chr5
183	4	ERR753378_chr5
184	5	ERR753378_chr5
185	4	ERR753378_chr5
186	8	ERR753378_chr5
190	1	ERR753378_chr5
191	1	ERR753378_chr5
192	3	ERR753378_chr5
193	1	ERR753378_chr5
194	4	ERR753378_chr5
195	1	ERR753378_chr5
196	2	ERR753378_chr5
197	1	ERR753378_chr5
199	1	ERR753378_chr5
200	3	ERR753378_chr5
201	3	ERR753378_chr5
202	1	ERR753378_chr5
203	9	ERR753378_chr5
204	3	ERR753378_chr5
206	2	ERR753378_chr5
207	6	ERR753378_chr5
208	5	ERR753378_chr5
210	1	ERR753378_chr5
211	2	ERR753378_chr5
212	6	ERR753378_chr5
214	1	ERR753378_chr5
218	5	ERR753378_chr5
220	2	ERR753378_chr5
221	6	ERR753378_chr5
222	1	ERR753378_chr5
223	1	ERR753378_chr5
227	2	ERR753378_chr5
229	2	ERR753378_chr5
230	1	ERR753378_chr5
231	7	ERR753378_chr5
232	4	ERR753378_chr5
234	7	ERR753378_chr5
235	1	ERR753378_chr5
236	2	ERR753378_chr5
237	1	ERR753378_chr5
238	1	ERR753378_chr5
239	2	ERR753378_chr5
240	2	ERR753378_chr5
242	4	ERR753378_chr5
244	1	ERR753378_chr5
245	7	ERR753378_chr5
246	3	ERR753378_chr5
247	6	ERR753378_chr5
248	1	ERR753378_chr5
249	1	ERR753378_chr5
250	2	ERR753378_chr5
251	4	ERR753378_chr5
253	5	ERR753378_chr5
255	3	ERR753378_chr5
259	2	ERR753378_chr5
261	1	ERR753378_chr5
262	8	ERR753378_chr5
265	3	ERR753378_chr5
267	2	ERR753378_chr5
269	1	ERR753378_chr5
270	2	ERR753378_chr5
272	8	ERR753378_chr5
274	2	ERR753378_chr5
275	4	ERR753378_chr5
276	2	ERR753378_chr5
277	3	ERR753378_chr5
278	1	ERR753378_chr5
279	1	ERR753378_chr5
282	1	ERR753378_chr5
283	1	ERR753378_chr5
285	1	ERR753378_chr5
287	6	ERR753378_chr5
288	1	ERR753378_chr5
290	1	ERR753378_chr5
294	1	ERR753378_chr5
297	6	ERR753378_chr5
298	2	ERR753378_chr5
300	3	ERR753378_chr5
301	1	ERR753378_chr5
302	2	ERR753378_chr5
303	1	ERR753378_chr5
304	1	ERR753378_chr5
307	1	ERR753378_chr5
309	1	ERR753378_chr5
311	2	ERR753378_chr5
312	1	ERR753378_chr5
316	1	ERR753378_chr5
317	1	ERR753378_chr5
318	2	ERR753378_chr5
319	1	ERR753378_chr5
321	2	ERR753378_chr5
322	3	ERR753378_chr5
325	3	ERR753378_chr5
327	3	ERR753378_chr5
328	1	ERR753378_chr5
329	2	ERR753378_chr5
330	1	ERR753378_chr5
331	1	ERR753378_chr5
335	4	ERR753378_chr5
336	1	ERR753378_chr5
339	1	ERR753378_chr5
341	2	ERR753378_chr5
344	4	ERR753378_chr5
346	3	ERR753378_chr5
348	3	ERR753378_chr5
349	4	ERR753378_chr5
351	1	ERR753378_chr5
353	1	ERR753378_chr5
355	4	ERR753378_chr5
356	2	ERR753378_chr5
359	3	ERR753378_chr5
360	2	ERR753378_chr5
364	2	ERR753378_chr5
368	3	ERR753378_chr5
370	4	ERR753378_chr5
371	2	ERR753378_chr5
372	1	ERR753378_chr5
374	2	ERR753378_chr5
376	3	ERR753378_chr5
378	2	ERR753378_chr5
379	1	ERR753378_chr5
382	1	ERR753378_chr5
384	2	ERR753378_chr5
385	1	ERR753378_chr5
389	6	ERR753378_chr5
390	1	ERR753378_chr5
391	2	ERR753378_chr5
393	1	ERR753378_chr5
395	1	ERR753378_chr5
397	9	ERR753378_chr5
398	4	ERR753378_chr5
400	1	ERR753378_chr5
401	2	ERR753378_chr5
402	3	ERR753378_chr5
403	3	ERR753378_chr5
404	3	ERR753378_chr5
405	2	ERR753378_chr5
406	2	ERR753378_chr5
408	2	ERR753378_chr5
410	2	ERR753378_chr5
415	4	ERR753378_chr5
418	1	ERR753378_chr5
419	1	ERR753378_chr5
420	3	ERR753378_chr5
421	1	ERR753378_chr5
423	4	ERR753378_chr5
424	3	ERR753378_chr5
425	2	ERR753378_chr5
426	1	ERR753378_chr5
428	5	ERR753378_chr5
431	3	ERR753378_chr5
435	8	ERR753378_chr5
438	4	ERR753378_chr5
439	4	ERR753378_chr5
440	1	ERR753378_chr5
441	2	ERR753378_chr5
443	1	ERR753378_chr5
444	1	ERR753378_chr5
446	1	ERR753378_chr5
447	1	ERR753378_chr5
448	3	ERR753378_chr5
449	1	ERR753378_chr5
451	1	ERR753378_chr5
453	3	ERR753378_chr5
454	2	ERR753378_chr5
456	2	ERR753378_chr5
458	1	ERR753378_chr5
459	3	ERR753378_chr5
461	2	ERR753378_chr5
463	3	ERR753378_chr5
464	3	ERR753378_chr5
465	3	ERR753378_chr5
468	4	ERR753378_chr5
470	3	ERR753378_chr5
472	1	ERR753378_chr5
475	1	ERR753378_chr5
477	2	ERR753378_chr5
478	1	ERR753378_chr5
481	1	ERR753378_chr5
482	1	ERR753378_chr5
483	4	ERR753378_chr5
484	1	ERR753378_chr5
486	3	ERR753378_chr5
488	3	ERR753378_chr5
490	3	ERR753378_chr5
491	7	ERR753378_chr5
492	2	ERR753378_chr5
493	1	ERR753378_chr5
494	3	ERR753378_chr5
495	1	ERR753378_chr5
496	2	ERR753378_chr5
498	2	ERR753378_chr5
499	4	ERR753378_chr5
500	2	ERR753378_chr5
503	2	ERR753378_chr5
505	2	ERR753378_chr5
506	1	ERR753378_chr5
507	2	ERR753378_chr5
508	1	ERR753378_chr5
509	2	ERR753378_chr5
514	2	ERR753378_chr5
515	2	ERR753378_chr5
519	4	ERR753378_chr5
520	6	ERR753378_chr5
522	4	ERR753378_chr5
523	1	ERR753378_chr5
526	1	ERR753378_chr5
527	2	ERR753378_chr5
528	2	ERR753378_chr5
529	2	ERR753378_chr5
532	2	ERR753378_chr5
533	1	ERR753378_chr5
534	1	ERR753378_chr5
539	1	ERR753378_chr5
540	1	ERR753378_chr5
541	1	ERR753378_chr5
545	4	ERR753378_chr5
546	1	ERR753378_chr5
550	1	ERR753378_chr5
553	5	ERR753378_chr5
554	2	ERR753378_chr5
555	2	ERR753378_chr5
556	1	ERR753378_chr5
557	1	ERR753378_chr5
560	6	ERR753378_chr5
562	2	ERR753378_chr5
563	2	ERR753378_chr5
567	2	ERR753378_chr5
568	1	ERR753378_chr5
570	2	ERR753378_chr5
571	2	ERR753378_chr5
574	2	ERR753378_chr5
575	1	ERR753378_chr5
576	4	ERR753378_chr5
580	1	ERR753378_chr5
585	1	ERR753378_chr5
586	1	ERR753378_chr5
588	1	ERR753378_chr5
591	1	ERR753378_chr5
592	6	ERR753378_chr5
594	1	ERR753378_chr5
596	1	ERR753378_chr5
598	3	ERR753378_chr5
599	1	ERR753378_chr5
601	1	ERR753378_chr5
602	3	ERR753378_chr5
603	1	ERR753378_chr5
609	1	ERR753378_chr5
611	1	ERR753378_chr5
618	3	ERR753378_chr5
620	1	ERR753378_chr5
621	1	ERR753378_chr5
626	1	ERR753378_chr5
627	2	ERR753378_chr5
628	2	ERR753378_chr5
630	1	ERR753378_chr5
635	3	ERR753378_chr5
637	2	ERR753378_chr5
639	2	ERR753378_chr5
643	1	ERR753378_chr5
644	1	ERR753378_chr5
645	1	ERR753378_chr5
648	1	ERR753378_chr5
650	1	ERR753378_chr5
652	1	ERR753378_chr5
657	1	ERR753378_chr5
660	2	ERR753378_chr5
661	1	ERR753378_chr5
665	2	ERR753378_chr5
666	1	ERR753378_chr5
669	3	ERR753378_chr5
671	1	ERR753378_chr5
672	2	ERR753378_chr5
678	1	ERR753378_chr5
680	3	ERR753378_chr5
681	1	ERR753378_chr5
682	1	ERR753378_chr5
685	1	ERR753378_chr5
686	1	ERR753378_chr5
687	1	ERR753378_chr5
689	2	ERR753378_chr5
690	1	ERR753378_chr5
691	2	ERR753378_chr5
692	1	ERR753378_chr5
698	1	ERR753378_chr5
702	1	ERR753378_chr5
705	2	ERR753378_chr5
708	1	ERR753378_chr5
710	2	ERR753378_chr5
711	4	ERR753378_chr5
714	2	ERR753378_chr5
718	1	ERR753378_chr5
725	2	ERR753378_chr5
727	2	ERR753378_chr5
728	2	ERR753378_chr5
730	2	ERR753378_chr5
734	2	ERR753378_chr5
735	1	ERR753378_chr5
736	1	ERR753378_chr5
740	4	ERR753378_chr5
743	1	ERR753378_chr5
746	1	ERR753378_chr5
751	1	ERR753378_chr5
752	1	ERR753378_chr5
755	1	ERR753378_chr5
757	1	ERR753378_chr5
763	2	ERR753378_chr5
764	1	ERR753378_chr5
766	4	ERR753378_chr5
767	3	ERR753378_chr5
773	1	ERR753378_chr5
779	1	ERR753378_chr5
785	1	ERR753378_chr5
790	1	ERR753378_chr5
798	1	ERR753378_chr5
799	1	ERR753378_chr5
802	1	ERR753378_chr5
804	3	ERR753378_chr5
806	3	ERR753378_chr5
814	1	ERR753378_chr5
816	1	ERR753378_chr5
820	1	ERR753378_chr5
821	1	ERR753378_chr5
822	2	ERR753378_chr5
829	1	ERR753378_chr5
834	1	ERR753378_chr5
837	2	ERR753378_chr5
846	1	ERR753378_chr5
848	1	ERR753378_chr5
853	2	ERR753378_chr5
854	1	ERR753378_chr5
869	2	ERR753378_chr5
877	1	ERR753378_chr5
879	3	ERR753378_chr5
881	1	ERR753378_chr5
884	1	ERR753378_chr5
890	1	ERR753378_chr5
893	1	ERR753378_chr5
897	2	ERR753378_chr5
898	1	ERR753378_chr5
899	2	ERR753378_chr5
901	1	ERR753378_chr5
904	2	ERR753378_chr5
906	1	ERR753378_chr5
909	4	ERR753378_chr5
916	2	ERR753378_chr5
929	2	ERR753378_chr5
932	1	ERR753378_chr5
934	2	ERR753378_chr5
939	1	ERR753378_chr5
942	3	ERR753378_chr5
949	1	ERR753378_chr5
952	1	ERR753378_chr5
980	1	ERR753378_chr5
989	1	ERR753378_chr5
1002	2	ERR753378_chr5
1003	1	ERR753378_chr5
1004	1	ERR753378_chr5
1006	1	ERR753378_chr5
1019	1	ERR753378_chr5
1025	1	ERR753378_chr5
1027	1	ERR753378_chr5
1033	1	ERR753378_chr5
1039	2	ERR753378_chr5
1040	1	ERR753378_chr5
1042	1	ERR753378_chr5
1044	1	ERR753378_chr5
1045	1	ERR753378_chr5
1057	1	ERR753378_chr5
1058	2	ERR753378_chr5
1064	1	ERR753378_chr5
1066	1	ERR753378_chr5
1084	2	ERR753378_chr5
1087	1	ERR753378_chr5
1095	1	ERR753378_chr5
1102	1	ERR753378_chr5
1104	1	ERR753378_chr5
1114	1	ERR753378_chr5
1118	1	ERR753378_chr5
1119	1	ERR753378_chr5
1125	1	ERR753378_chr5
1127	1	ERR753378_chr5
1179	1	ERR753378_chr5
1180	1	ERR753378_chr5
1181	1	ERR753378_chr5
1191	1	ERR753378_chr5
1198	3	ERR753378_chr5
1204	1	ERR753378_chr5
1244	1	ERR753378_chr5
1253	1	ERR753378_chr5
1259	1	ERR753378_chr5
1264	1	ERR753378_chr5
1327	1	ERR753378_chr5
1347	1	ERR753378_chr5
1425	1	ERR753378_chr5
1430	1	ERR753378_chr5
1433	1	ERR753378_chr5
1435	1	ERR753378_chr5
1445	1	ERR753378_chr5
1446	1	ERR753378_chr5
1452	1	ERR753378_chr5
1460	2	ERR753378_chr5
1465	1	ERR753378_chr5
1467	1	ERR753378_chr5
1487	1	ERR753378_chr5
1492	1	ERR753378_chr5
1493	2	ERR753378_chr5
1503	1	ERR753378_chr5
1540	1	ERR753378_chr5
1543	1	ERR753378_chr5
1559	1	ERR753378_chr5
1572	1	ERR753378_chr5
1624	1	ERR753378_chr5
1640	5	ERR753378_chr5
1641	1	ERR753378_chr5
1662	1	ERR753378_chr5
1663	1	ERR753378_chr5
1664	1	ERR753378_chr5
1674	1	ERR753378_chr5
1678	2	ERR753378_chr5
1700	2	ERR753378_chr5
1745	1	ERR753378_chr5
1756	2	ERR753378_chr5
1822	2	ERR753378_chr5
1848	1	ERR753378_chr5
1953	1	ERR753378_chr5
1960	2	ERR753378_chr5
1986	4	ERR753378_chr5
2010	4	ERR753378_chr5
2073	1	ERR753378_chr5
2088	1	ERR753378_chr5
2174	1	ERR753378_chr5
2198	1	ERR753378_chr5
2277	1	ERR753378_chr5
2301	1	ERR753378_chr5
2307	1	ERR753378_chr5
2400	1	ERR753378_chr5
2428	1	ERR753378_chr5
2847	1	ERR753378_chr5
2862	1	ERR753378_chr5
3294	1	ERR753378_chr5
3618	1	ERR753378_chr5
3631	1	ERR753378_chr5
3681	1	ERR753378_chr5
4117	1	ERR753378_chr5
4119	1	ERR753378_chr5
4134	1	ERR753378_chr5
4169	1	ERR753378_chr5
4435	1	ERR753378_chr5
4438	1	ERR753378_chr5
4450	1	ERR753378_chr5
4453	1	ERR753378_chr5
5344	1	ERR753378_chr5
5427	1	ERR753378_chr5
